1142.9	3
1020.1	5
1132.9	7
1093.1	8
1027.2	9
1146.2	9
1016.5	11
1161.3	11
1066.4	12
1180.4	14
1026.9	15
1177.5	16
1053.4	17
1177.7	21
1133.7	24
1116.3	25
1132.8	26
1012.9	28
1072.7	31
1001.2	33
1124.5	33
1069.9	36
1089.3	37
1176.8	37
1100.7	38
1158.3	40
1120.1	41
1148.4	42
1029.2	43
1112.2	44
1087.8	49
1086	51
1193.2	51
1166	53
1127.5	55
1021	56
1022	57
1158.4	58
1088	59
1074.8	62
1064	63
1197.6	65
1198.8	66
1018.6	70
1062.9	72
1156	72
1162.4	74
1130.4	79
1026.4	82
1142.1	84
1153.2	85
1102.2	86
1000.2	87
1112.2	88
1141.1	89
1043.7	90
1123.2	90
1143.1	92
1188.4	93
1038.4	95
1011	97
1128.3	97
1011.1	98
1049	100
1182.3	102
1121.7	106
1076.2	107
1098.4	108
1099.9	109
1120.1	110
1125.2	111
1140.2	113
1028.8	115
1062.5	118
1036.1	119
1085.9	120
1180.2	121
1072.6	122
1116.2	123
1023.7	124
1173.5	124
1034.9	126
1157.4	127
1034.7	130
1169.2	131
1001.5	133
1087.6	134
1186.9	134
1082.2	135
1178.3	135
1173.6	137
1087.5	139
1081	140
1142.7	144
1174.9	145
1049	147
1165.5	147
1147.1	149
1134.4	152
1057.9	153
1164.4	157
1097.5	159
1108.5	162
1027.2	163
1169.1	163
1019.8	164
1144.8	165
1170.2	166
1028.9	167
1101.1	170
1045.7	173
1167.2	173
1038.4	175
1049.4	177
1021.8	178
1135.3	179
1062.9	180
1114.6	181
1054.8	183
1104.2	186
1165.5	187
1058.2	188
1149.8	188
1111.5	189
1045.5	190
1102.4	191
1113.3	192
1108.5	193
1176.6	194
1006.1	195
1128.9	195
1053.4	196
1149.7	196
1182.6	198
1092.4	202
1117.4	203
1185.1	204
1043.4	205
1179.1	205
1078.3	208
1183.5	208
1099.9	209
1194.5	209
1032	210
1150	212
1049.6	215
1088.2	216
1152	218
1083.7	219
1048.5	221
1061.5	222
1176.5	225
1113.4	226
1020.6	228
1106.2	229
1049.8	230
1046	231
1008.6	232
1165.2	232
1072.7	235
1088.7	236
1026.9	238
1149.5	238
1001.2	240
1063.9	244
1158.8	245
1106.3	248
1028.9	249
1109.2	250
1069.9	251
1121.9	252
1199.5	257
1071	258
1012.5	263
1095.8	264
1100	265
1184.5	265
1181.2	267
1135.7	268
1116.3	269
1042.7	271
1187.8	272
1074.9	276
1059.2	278
1002.7	281
1171.9	284
1004.3	285
1145.2	285
1144.4	286
1070.7	287
1075.6	288
1127.4	289
1085.8	294
1154.1	296
1080.1	297
1064	298
1165.2	298
1105.1	300
1076.2	302
1103.5	304
1049	305
1110.9	306
1129.9	307
1086.1	308
1163.6	308
1039.8	310
1090.1	312
1178.1	313
1011.3	317
1025	319
1078.1	320
1041.4	322
1002.7	323
1102.2	323
1116.6	325
1143.8	328
1131.1	331
1077.8	332
1085.4	333
1075	334
1017.8	335
1137	335
1025.4	342
1035.9	343
1052.9	345
1199.7	347
1092.4	349
1069.2	350
1178.1	350
1131.8	352
1064	353
1128.8	354
1064.8	356
1192.4	357
1114.2	359
1043.8	363
1123.6	363
1071	365
1162.6	370
1116.7	371
1141.4	374
1169.6	375
1140	376
1085.1	379
1122.8	380
1104.2	381
1082.5	384
1183.1	384
1135.1	385
1098.2	386
1000.3	387
1054.1	389
1024.6	391
1146.8	393
1101.4	396
1149.4	397
1158.1	398
1075.6	399
1079.3	401
1122.9	402
1019.5	403
1013.3	407
1121	407
1068	409
1179.9	409
1081	410
1180.2	411
1132.7	413
1148.2	415
1158.4	416
1154.3	417
1084.7	418
1193	419
1016.1	422
1106.8	423
1186.2	423
1166.6	424
1142.1	427
1154.5	428
1071.5	429
1024.1	431
1101.8	431
1033.4	433
1067.2	437
1170.5	438
1148.1	439
1113.6	440
1140.8	441
1004.6	442
1100.7	443
1189.8	444
1050.6	445
1050.6	446
1040.5	447
1155.2	451
1148.4	454
1194	455
1073.4	457
1051.3	458
1152.6	460
1005.8	461
1080.6	462
1088.1	466
1032.8	467
1141.9	467
1077.4	470
1146.8	472
1018.8	473
1175.6	473
1006.7	474
1050.9	476
1155.4	476
1060.1	477
1067.6	479
1153.2	479
1175.7	486
1027.6	487
1111.7	488
1111.9	489
1051.6	492
1175.7	492
1067.8	493
1132.4	493
1088.9	494
1064.5	496
1060.5	497
1125.9	497
1023.5	498
1114	499
1116.5	501
1123.9	504
1085.7	505
1154.6	505
1043.5	510
1116.4	510
1052.3	512
1188.2	514
1057.5	520
1075.2	521
1182.3	522
1077.4	526
1147.6	530
1192	536
1193.4	538
1164.3	539
1145.6	540
1157.4	541
1141.5	542
1026.3	543
1145.3	545
1009.9	546
1004.9	548
1135.3	549
1138.6	550
1135.7	552
1052	557
1006.1	559
1088.1	561
1085.2	562
1071.7	563
1015.8	564
1102.8	564
1031.5	565
1114	566
1155.3	567
1057.5	568
1033.7	572
1082.9	574
1110.9	575
1090	577
1157	579
1187.3	580
1082.9	581
1002.2	583
1075.5	583
1019.1	584
1141.4	584
1061.2	586
1081.4	588
1162.4	589
1064.9	590
1080.7	596
1014.1	598
1131.4	598
1090.3	600
1191.5	600
1182.2	602
1156.8	603
1118.7	605
1094	606
1125.9	611
1102.8	612
1110.6	613
1009.1	616
1183.6	619
1062	620
1032.2	621
1168.8	622
1074.1	623
1051.8	624
1083.5	625
1025.4	626
1075.1	626
1157.1	626
1017.4	629
1125.4	629
1165.1	631
1179.2	632
1087.1	633
1064.2	636
1148.4	636
1014.1	637
1168.9	637
1103.2	640
1103.8	641
1068.1	643
1042.9	644
1129.9	645
1185.4	650
1065.3	652
1011	655
1079.8	655
1107	657
1167.9	658
1152.5	660
1091.9	661
1078.3	662
1000.9	663
1184.1	665
1045.1	666
1138.7	666
1116.9	667
1098	668
1004.6	669
1129.9	673
1080.7	674
1084.9	675
1101.5	677
1009.9	678
1182.4	678
1021.8	679
1150.4	682
1178	683
1136.2	689
1007.7	690
1177.1	690
1048	691
1093.6	694
1070	696
1061.3	697
1167.8	698
1049.8	702
1097.3	703
1166.4	703
1131.3	704
1054.3	705
1144.6	705
1089.3	709
1033.4	712
1149	713
1018.6	715
1123	715
1194.9	716
1073.1	717
1085.6	718
1054.2	719
1109.6	720
1067	721
1082.4	722
1195.1	722
1175.9	723
1073.5	724
1017.4	733
1159.3	733
1083.6	734
1119.6	736
1072.2	740
1141	742
1014.8	744
1169.7	744
1011	748
1151.9	748
1052.9	749
1056.3	750
1078.9	752
1019.3	754
1025.2	755
1038.9	756
1109.1	758
1054.7	759
1168.5	763
1140.5	764
1104.3	766
1108.4	769
1077.2	770
1027.7	775
1161.2	775
1012.2	777
1111	782
1174.5	784
1037.1	785
1182.5	787
1079.3	788
1133.3	789
1050.8	791
1182.7	791
1169.7	792
1127	794
1177.7	795
1075.8	796
1035.2	803
1055.5	804
1113.4	805
1074.1	806
1076.7	807
1148.2	807
1183.2	808
1075.3	809
1027.3	811
1186.3	812
1165.4	813
1088	814
1153.9	814
1086.8	815
1194.6	815
1061.4	817
1197.4	817
1180.9	818
1033.8	820
1042.6	821
1055.5	823
1152.4	823
1169	824
1003.9	825
1157.4	825
1120	827
1120.6	828
1186.6	828
1041.6	829
1175.7	833
1116.8	834
1130.2	835
1180.8	836
1081.9	837
1066.4	839
1187.1	840
1115	842
1067.5	845
1014.8	846
1150.4	847
1039.4	849
1023.2	853
1097.6	853
1162.2	857
1150.2	858
1120	860
1008.4	861
1014.6	862
1117.5	863
1043	864
1032.9	865
1062.9	868
1026.9	870
1026	872
1132.6	875
1066	876
1147.2	879
1040.6	881
1000.3	882
1077.8	883
1031.7	884
1098.6	886
1101	888
1178.8	888
1025.5	891
1198.9	891
1142.5	893
1166.7	894
1072	896
1009.5	898
1165.5	898
1005.4	899
1173.5	899
1086.6	901
1134.1	902
1079.8	905
1047.3	906
1055	908
1132.3	908
1130.9	909
1175.6	912
1166.8	913
1042.5	914
1075.8	915
1011	919
1135.5	919
1111	920
1017.2	924
1197.7	925
1008.6	926
1192.6	929
1139.9	931
1081.1	932
1099.2	935
1150.2	936
1031.8	938
1121.2	940
1196.5	940
1157.4	942
1177.8	943
1143.6	945
1117.2	948
1127.1	950
1178.4	952
1004.5	954
1128.4	955
1011.1	956
1066.9	957
1155.7	958
1145.9	959
1064.4	960
1145.1	961
1073.7	963
1180.2	964
1046.2	966
1064.3	969
1101.7	971
1097.4	973
1186.6	973
1106.5	974
1092.4	979
1083.9	981
1172.1	981
1007.6	982
1098.4	982
1167.7	983
1153.2	985
1038.7	987
1090.7	988
1014.1	989
1138.4	989
1033.5	991
1100.3	991
1003.3	993
1116.9	993
1038.6	994
1082.9	995
1181.6	996
1095	999
1188.3	999
1057.5	1000
1021.5	1001
1171.4	1003
1015.2	1005
1139	1005
1110.1	1006
1100.9	1007
1140.6	1008
1056.8	1010
1024.1	1011
1164.6	1013
1033.1	1014
1041.1	1015
1061.3	1018
1059.8	1019
1059.7	1020
1070.3	1021
1060.3	1022
1198.7	1023
1001.5	1024
1019.2	1025
1175.7	1025
1043.2	1026
1194.4	1034
1076	1036
1142.3	1037
1110.4	1038
1099.6	1042
1075.9	1043
1169.4	1044
1097.3	1046
1073.9	1048
1034.1	1049
1184.9	1049
1094.7	1051
1041.4	1052
1017.9	1056
1030.2	1058
1103.2	1059
1018.6	1060
1128.1	1060
1136.6	1061
1030.4	1062
1090.1	1063
1127.5	1065
1140.7	1067
1016.9	1070
1193	1071
1096.6	1073
1031.5	1074
1139.9	1074
1173.7	1078
1052.8	1079
1100.3	1080
1063.8	1081
1191.9	1081
1052.1	1082
1090.6	1083
1117.7	1084
1013.1	1085
1050	1087
1027.6	1088
1020.6	1089
1136	1089
1180.1	1090
1005.4	1092
1002	1093
1110.1	1094
1081.1	1096
1192.4	1096
1055	1098
1111.9	1098
1153.5	1100
1145.7	1101
1040.1	1102
1182.6	1104
1122.8	1105
1126	1107
1005.8	1108
1060.8	1108
1192.3	1108
1007.4	1111
1125.5	1113
1027.2	1115
1130	1115
1117.4	1118
1031.6	1119
1172.9	1121
1040.4	1125
1087.4	1128
1048.2	1129
1109.2	1130
1017.5	1131
1040	1133
1097.6	1133
1130.1	1134
1002.1	1137
1150.6	1137
1111.9	1138
1123.6	1139
1054.7	1140
1030.6	1141
1129.2	1142
1095.7	1143
1110	1144
1191.7	1144
1146.9	1145
1002.8	1146
1158	1146
1047.6	1147
1128.4	1148
1085.4	1150
1155.5	1152
1036.7	1154
1029.7	1158
1146.4	1158
1051.1	1159
1098.9	1160
1182.4	1161
1167.4	1165
1010	1170
1036.9	1171
1122.6	1171
1121.4	1172
1103.2	1173
1190.2	1173
1079.9	1174
1183.5	1174
1133.5	1178
1148.2	1179
1147.3	1180
1165.8	1181
1175.3	1182
1016.1	1183
1025.1	1185
1160	1186
1146.5	1187
1058.5	1188
1199.4	1189
1054.7	1190
1079.9	1191
1009.8	1193
1139.8	1193
1117.8	1195
1183.3	1195
1035.6	1196
1125.4	1198
1140.6	1200
1177.1	1204
1145.9	1205
1099.7	1206
1042.2	1208
1162	1208
1022.7	1210
1130.9	1212
1097.6	1213
1011.3	1215
1003.2	1217
1070.6	1217
1108.9	1218
1079.5	1221
1080.5	1222
1052.4	1227
1068.6	1229
1128.5	1229
1157.2	1231
1004.5	1233
1181.8	1233
1004.9	1234
1010	1235
1048.7	1237
1116	1238
1162.9	1239
1046.5	1240
1125	1240
1070.4	1242
1038.3	1244
1125.3	1244
1078.8	1246
1110.2	1247
1041.6	1250
1108	1254
1048.7	1255
1106.7	1256
1026.3	1260
1022.8	1261
1063.7	1262
1022.2	1263
1011.6	1265
1024.1	1266
1092.7	1267
1083.1	1268
1053.7	1269
1003	1270
1052.4	1274
1087.5	1275
1120.4	1276
1043.5	1277
1048.8	1278
1062.4	1280
1190.6	1281
1149.4	1282
1098.4	1283
1192.4	1283
1131.1	1285
1038	1286
1135	1287
1050.4	1288
1192.6	1288
1020.8	1289
1149.4	1289
1023	1293
1156.6	1294
1009.9	1295
1137.8	1295
1158.1	1296
1031.6	1300
1120.1	1300
1052	1302
1127	1304
1076.7	1305
1150.6	1305
1055.8	1311
1134.2	1311
1010.5	1312
1069.5	1313
1031.3	1315
1047.3	1316
1128.5	1318
1046.9	1320
1182.2	1321
1196.4	1323
1048.2	1325
1058.5	1326
1118.9	1327
1199.8	1329
1104.4	1330
1104.8	1331
1153.4	1332
1066.1	1333
1021.4	1334
1177.3	1335
1025.2	1337
1016.3	1338
1026.7	1339
1133.2	1340
1102.4	1341
1155.8	1349
1113.4	1351
1062.7	1352
1176.6	1353
1103.6	1356
1121.7	1362
1116	1363
1168.7	1364
1034.9	1365
1075	1366
1100.2	1367
1099.5	1369
1124.6	1370
1186.5	1372
1115.3	1373
1076.1	1374
1100.5	1375
1068	1376
1152.2	1376
1048.8	1377
1156.4	1378
1035.8	1379
1020.9	1380
1080.4	1381
1167.6	1382
1116.3	1383
1191.5	1384
1079.6	1385
1142.2	1386
1081	1389
1169.6	1390
1189.6	1392
1075.5	1396
1083.5	1397
1093.1	1399
1033.3	1401
1167.2	1401
1123.5	1402
1016.9	1404
1105.1	1404
1032.4	1405
1015.3	1406
1127.3	1406
1106.1	1408
1197.8	1408
1071.6	1410
1170.3	1410
1112.5	1411
1073.5	1414
1057.3	1420
1094.8	1421
1024.8	1424
1170.9	1424
1171.3	1426
1185.2	1427
1050.6	1428
1000	1429
1136.8	1431
1061.1	1432
1153.8	1432
1000	1433
1010.8	1435
1108.9	1435
1187.5	1435
1058.2	1437
1147.4	1438
1189	1441
1075	1442
1028.9	1444
1132	1445
1140.4	1447
1009.4	1448
1138.7	1450
1139.7	1452
1128.1	1453
1086.7	1456
1138.5	1457
1056.8	1461
1024.1	1463
1129.2	1469
1092.6	1470
1183.2	1471
1113.8	1472
1173.6	1475
1033.1	1478
1183.6	1478
1021.8	1479
1125.7	1480
1118.6	1481
1186	1482
1141.4	1483
1069.4	1484
1161.8	1484
1066.8	1485
1195.2	1485
1174.4	1486
1088.1	1488
1125.1	1489
1103.8	1490
1076.4	1491
1072	1492
1042	1493
1182.2	1494
1185	1495
1164.1	1496
1125.9	1497
1183.9	1500
1194	1501
1196.2	1503
1066.7	1504
1163.7	1504
1148.5	1505
1166.1	1506
1023.2	1508
1169.6	1508
1048.7	1509
1020.8	1511
1171.6	1512
1041.9	1514
1014	1516
1171.8	1517
1032.8	1519
1112.3	1520
1115.1	1523
1002.6	1524
1146.3	1524
1026.9	1525
1149.8	1526
1112.1	1527
1127.1	1529
1004.8	1530
1114.8	1531
1118.8	1532
1006.7	1533
1117.2	1534
1085.4	1537
1019.4	1540
1115.5	1540
1190.8	1540
1137.9	1541
1133.3	1542
1072.5	1543
1007.4	1544
1165.1	1544
1146.3	1546
1040.3	1547
1076.5	1548
1054.6	1550
1145.2	1550
1100.3	1551
1116.5	1552
1078.7	1557
1093	1558
1066.9	1559
1087.1	1561
1156.2	1562
1080.1	1564
1069.8	1565
1178.4	1570
1007.6	1572
1135	1572
1083.9	1574
1119.7	1575
1006.2	1578
1177.3	1578
1098.5	1579
1185.2	1580
1025.6	1582
1129.8	1583
1034.9	1584
1104.4	1584
1146.4	1585
1080.8	1587
1171.7	1587
1060.6	1589
1009.7	1590
1088.9	1594
1167.6	1595
1134.1	1596
1051.2	1597
1156.6	1598
1017.3	1600
1181	1601
1000.7	1605
1148	1605
1147.2	1607
1164.8	1608
1050.1	1610
1044.9	1611
1195.6	1611
1172.7	1612
1114.1	1613
1031.2	1614
1149.4	1614
1142.5	1616
1162.9	1618
1046.4	1620
1130.1	1621
1152.8	1622
1130.1	1623
1187.5	1626
1016.5	1628
1115.7	1629
1118.4	1630
1195.7	1630
1033.2	1632
1047.8	1633
1058.6	1634
1118.2	1634
1005.1	1635
1045.6	1636
1091.3	1638
1133.3	1640
1095.1	1644
1109.6	1645
1009.4	1646
1182.9	1646
1057.8	1647
1050.2	1648
1138.4	1650
1011.5	1651
1007.1	1652
1097.4	1653
1007	1655
1142.1	1655
1186.4	1656
1001.4	1657
1147.3	1658
1042.1	1660
1141.5	1662
1115.5	1663
1004.4	1664
1081.3	1665
1134.2	1667
1044.1	1669
1025.8	1670
1011.3	1672
1112.7	1673
1182.2	1673
1101.1	1674
1054.1	1677
1009.5	1679
1067.3	1681
1077.6	1682
1197.6	1682
1188.9	1684
1110.3	1686
1190.5	1686
1067.7	1689
1019.9	1692
1111.4	1699
1110.3	1703
1039.8	1705
1123.1	1705
1084.5	1706
1075.2	1707
1161.7	1709
1181.2	1716
1045.7	1717
1011.8	1720
1002.6	1722
1141.4	1722
1034.6	1724
1134.3	1724
1048	1725
1022.3	1729
1138.8	1730
1132.3	1731
1112.7	1732
1188.9	1733
1084.4	1736
1199.7	1736
1050.9	1737
1055.9	1740
1055.2	1742
1067.5	1744
1009.9	1745
1091.3	1745
1154.5	1746
1015	1747
1140.7	1749
1130.6	1751
1026.3	1752
1132.6	1753
1042	1755
1110.2	1758
1123.7	1759
1125.2	1761
1091	1764
1002.5	1766
1002.8	1767
1151.6	1768
1037.5	1770
1133.6	1770
1040.1	1772
1048	1774
1009.4	1776
1000.6	1777
1147.8	1777
1069.1	1779
1024	1781
1135.7	1781
1070	1783
1085.6	1786
1100.5	1788
1033.6	1789
1005.7	1790
1107.1	1790
1072.4	1792
1005.8	1793
1093.9	1794
1194.3	1795
1100	1796
1055.6	1799
1176.9	1799
1037.4	1800
1048.2	1801
1041.7	1802
1131.2	1802
1087.5	1803
1128.9	1804
1194.8	1805
1153.7	1809
1066.2	1811
1176	1811
1105.8	1812
1021.9	1814
1156.9	1814
1061.8	1815
1048.9	1816
1192.2	1816
1063.6	1817
1175.5	1818
1168	1819
1017.5	1820
1165.1	1820
1045.8	1821
1060.9	1825
1194.4	1825
1052.7	1827
1138.3	1827
1132.5	1828
1164.8	1829
1115.7	1830
1004.7	1832
1021.9	1833
1110.9	1835
1070.8	1836
1186.8	1840
1023.7	1843
1150.7	1843
1142.1	1846
1067	1849
1009.1	1850
1185.6	1851
1127	1854
1028.3	1857
1139.5	1858
1072.4	1859
1010.9	1861
1187.8	1861
1025.7	1862
1180.1	1862
1199.1	1864
1015.9	1865
1065.3	1866
1123.4	1866
1025.5	1868
1090.8	1869
1155.3	1869
1115.6	1870
1005.1	1871
1144	1871
1148.2	1872
1069.8	1876
1166.7	1876
1168.7	1880
1070.2	1881
1167.2	1882
1029.2	1883
1145.8	1883
1110.2	1884
1166.6	1885
1059.6	1886
1044.3	1887
1077.7	1889
1034	1890
1193.5	1890
1133.9	1892
1021	1897
1029.6	1901
1041.7	1902
1149.8	1904
1131.9	1906
1169.2	1907
1099.5	1908
1042.4	1909
1114.4	1910
1042.3	1911
1139.7	1912
1004.9	1914
1125.2	1916
1191.3	1918
1023.9	1919
1027.1	1920
1128.9	1920
1135.5	1921
1011.7	1922
1149.8	1924
1073.7	1925
1171.5	1925
1185.4	1926
1110.5	1927
1018.8	1929
1066.9	1930
1027.1	1931
1194.8	1932
1126.8	1933
1075.7	1934
1122	1935
1075.4	1936
1164.9	1937
1176.5	1938
1037.2	1939
1103.4	1940
1187.8	1940
1010.7	1941
1136.3	1943
1197	1943
1165.7	1944
1075.8	1945
1066.5	1948
1144.6	1949
1064.2	1951
1082.5	1953
1106.9	1954
1193.4	1955
1020.3	1959
1007.2	1964
1089	1964
1034.8	1965
1141.6	1965
1133	1966
1101.9	1968
1044.7	1969
1174.6	1969
1082.7	1970
1173.6	1970
1096.5	1971
1020.4	1973
1132.5	1973
1120	1974
1017.9	1975
1078.2	1977
1096.3	1979
1107.1	1981
1066.6	1982
1128.7	1983
1023.7	1985
1027.6	1987
1032.6	1988
1132.3	1988
1069.3	1992
1126.7	1995
1195.8	1996
1027.6	1998
1137.3	1998
1065.8	2000
1069.7	2001
1007.1	2003
1088	2003
1051.1	2007
1140.1	2007
1132.1	2008
1089.3	2009
1110.3	2012
1196.5	2012
1089.2	2013
1136.5	2014
1045	2015
1066	2021
1119.1	2022
1051.9	2024
1068.6	2025
1158.9	2028
1028.3	2029
1161.1	2031
1192.2	2032
1131.6	2033
1179.2	2034
1112.3	2035
1051	2037
1018.3	2038
1091.2	2038
1123.5	2040
1008	2042
1163	2042
1043.6	2043
1190.9	2043
1103.7	2044
1181.8	2047
1062.7	2048
1168.9	2049
1124.9	2050
1179.2	2052
1058.4	2053
1106.5	2054
1073.5	2056
1110	2057
1067.5	2058
1195.1	2060
1057.7	2063
1019.9	2064
1130.2	2064
1001.2	2067
1006.4	2068
1081.2	2068
1125.2	2069
1115.2	2071
1161.4	2072
1169.4	2074
1170.3	2076
1056.3	2079
1122.9	2079
1171	2083
1112.4	2084
1059.4	2087
1163.7	2087
1029.2	2089
1195	2089
1050	2090
1000.4	2095
1196.7	2096
1028.8	2097
1162	2097
1097.1	2098
1151.5	2099
1111.7	2100
1155.6	2101
1118.4	2104
1047.7	2109
1051.9	2111
1174.3	2116
1028.1	2119
1021.5	2120
1191.2	2120
1125.2	2124
1008.8	2126
1108.4	2126
1187.6	2127
1093.2	2128
1192.5	2130
1188.2	2131
1124.9	2132
1165.6	2133
1036.7	2134
1137.3	2134
1196	2136
1079.7	2140
1195.4	2142
1030.4	2143
1169.6	2143
1042.6	2144
1035.5	2145
1004.5	2147
1006	2149
1060.4	2150
1174.9	2151
1129.7	2153
1157.9	2155
1004.9	2156
1108.3	2156
1148.7	2157
1115.6	2158
1089.6	2159
1054.3	2160
1035.9	2163
1162.8	2163
1124.1	2166
1196.3	2166
1160.8	2169
1171.6	2171
1078.1	2173
1161.4	2174
1032.6	2175
1177.9	2175
1030.5	2183
1170.2	2183
1052	2184
1182.5	2187
1129	2188
1156.8	2189
1167.6	2192
1073.1	2194
1148	2194
1032.9	2195
1055	2197
1024.7	2200
1125.9	2200
1148	2201
1076.7	2202
1175.3	2202
1102.3	2203
1167.5	2203
1057.1	2204
1051.9	2205
1017.1	2206
1123.1	2206
1078.9	2208
1173.8	2208
1007.4	2209
1060.1	2210
1159	2210
1000	2214
1135.6	2214
1129.3	2215
1094.9	2221
1103.9	2223
1177.4	2224
1013.4	2225
1055.7	2226
1022.9	2227
1004.5	2231
1168.9	2232
1030.8	2233
1113.8	2233
1053.8	2234
1040.2	2237
1094.5	2238
1051.4	2239
1166.4	2240
1129.3	2241
1115.4	2243
1078.6	2247
1136.6	2248
1057.4	2252
1157.3	2252
1013.9	2254
1144.1	2254
1029.6	2255
1143.4	2255
1112.6	2256
1052.6	2257
1127.5	2257
1006.5	2259
1084.1	2260
1086.7	2262
1096	2265
1156	2269
1090	2270
1166.7	2270
1161	2272
1034.6	2273
1117.3	2274
1006.9	2276
1025.7	2277
1153.1	2278
1042.9	2281
1073.1	2282
1013.3	2283
1009.2	2284
1155	2284
1120.9	2287
1095.8	2288
1103.8	2290
1019.8	2293
1035	2294
1164.2	2294
1037.4	2296
1171.2	2298
1006.3	2299
1030.8	2300
1051.8	2301
1184.6	2301
1079.4	2302
1035.2	2303
1053.6	2304
1141.8	2304
1166.6	2306
1112.7	2307
1176.9	2308
1003.6	2310
1031.9	2313
1131	2313
1121.8	2315
1115.7	2316
1042.9	2317
1040.6	2321
1155.7	2322
1127.6	2324
1062.5	2325
1004.9	2326
1112.3	2326
1058.6	2328
1049.5	2332
1000.9	2335
1169.2	2335
1105	2339
1110.7	2342
1043.4	2343
1145.6	2344
1043.3	2346
1145.8	2346
1085.8	2347
1168.3	2347
1145.7	2349
1098.5	2350
1085.3	2351
1076.6	2352
1043	2355
1046.2	2357
1155.7	2357
1160.1	2359
1017.2	2362
1019.2	2364
1107.7	2366
1170.1	2369
1030	2370
1036	2374
1187.8	2374
1006.9	2377
1141.1	2377
1075.5	2378
1143.1	2382
1150.5	2384
1155	2385
1002.3	2386
1007.5	2387
1151	2387
1064.9	2389
1132.8	2390
1053.7	2392
1075.7	2394
1094.8	2395
1122.5	2397
1092.5	2398
1005.4	2399
1148.8	2400
1057.3	2404
1159	2406
1061.9	2407
1042	2409
1140.1	2409
1086.8	2411
1126.1	2412
1111.8	2413
1167.1	2416
1175.2	2420
1040.3	2424
1197.6	2427
1126.6	2429
1082.5	2432
1176.9	2432
1106	2434
1134	2436
1074.7	2440
1133.9	2441
1073.4	2443
1170.1	2444
1066.7	2445
1149.8	2445
1156	2446
1088.4	2449
1184	2450
1022.5	2451
1104.1	2451
1052	2452
1172.1	2454
1014.3	2455
1041	2456
1022.3	2459
1187.9	2459
1107	2463
1191	2463
1059	2465
1146.8	2465
1134.2	2466
1157.9	2467
1096.2	2468
1048.9	2471
1183.5	2476
1119.4	2479
1189.7	2479
1188.4	2481
1086.4	2482
1190.2	2483
1051.1	2484
1184.5	2484
1062.8	2485
1070.8	2486
1044.9	2487
1033.5	2492
1068.1	2493
1003.4	2496
1015.5	2497
1081.2	2498
1186.6	2498
1063.1	2499
1026.6	2501
1140.6	2501
1193	2505
1043.6	2508
1010.8	2509
1175.5	2509
1059.3	2510
1062.8	2511
1129.2	2512
1113.5	2513
1058.6	2514
1048.5	2516
1024.6	2517
1034.4	2518
1062.2	2519
1037.9	2520
1174.9	2520
1050.7	2521
1065.5	2526
1185.9	2527
1119.2	2528
1066.3	2533
1192	2534
1081.3	2537
1167.1	2538
1050.7	2540
1155.2	2542
1000.9	2545
1145.6	2545
1102.9	2546
1197.2	2548
1131.6	2549
1077.6	2550
1091.8	2551
1143	2553
1044.5	2555
1021.4	2557
1155.2	2557
1032.2	2558
1100.6	2559
1190.5	2566
1042.5	2567
1134.5	2568
1029.2	2569
1061.1	2570
1102.9	2571
1077.2	2572
1095.4	2573
1055.6	2575
1137.5	2578
1071.7	2579
1076.6	2580
1011.1	2581
1163.2	2581
1113.1	2583
1072.7	2585
1089.9	2587
1021	2590
1054.3	2592
1007.4	2595
1105.9	2595
1183.9	2598
1163.6	2599
1185.7	2601
1095.7	2603
1057.2	2604
1049	2607
1166.6	2607
1138.7	2608
1059.9	2612
1108.8	2618
1090.1	2623
1158.1	2623
1070.5	2626
1104.8	2627
1031.4	2630
1000.9	2633
1105	2633
1184.8	2633
1018.4	2634
1089.2	2634
1182.9	2634
1049.7	2640
1016.6	2641
1027.7	2642
1170.4	2643
1138.4	2644
1191.8	2645
1083.7	2649
1181.5	2651
1173.8	2654
1181	2655
1148.3	2657
1010	2658
1168.1	2658
1132.4	2659
1023.1	2660
1004.2	2661
1098.8	2661
1082.1	2662
1159.8	2662
1014.3	2663
1180.3	2663
1021.3	2664
1175.5	2667
1048.6	2669
1053.8	2670
1159.6	2671
1104.8	2675
1134.2	2676
1025.5	2677
1114.1	2678
1118.1	2679
1039.2	2680
1058.7	2682
1076.5	2683
1010.1	2685
1156	2685
1174.7	2686
1013.2	2687
1114.4	2689
1192.2	2689
1066.3	2690
1170.5	2691
1116.6	2693
1010.7	2695
1054.5	2696
1194.6	2696
1034.1	2698
1112.3	2699
1074.6	2702
1131.4	2703
1043.3	2704
1084.6	2705
1036.6	2706
1170.2	2706
1013.6	2707
1069.5	2708
1115.5	2710
1088.2	2711
1109.1	2712
1050.9	2713
1129.5	2714
1185.7	2715
1021	2716
1181.6	2717
1110.7	2719
1142.6	2720
1049.4	2721
1001	2723
1167.1	2725
1111.8	2726
1163.3	2727
1062.1	2728
1036.3	2730
1007.6	2732
1181.1	2732
1119.8	2734
1017.9	2735
1071.9	2736
1049	2737
1154.2	2737
1067	2740
1160.1	2740
1056.5	2745
1183.8	2748
1156.4	2749
1108.2	2751
1192	2752
1025.8	2756
1157.6	2757
1091.4	2765
1169.8	2765
1129.2	2766
1058.5	2767
1193.1	2768
1136.1	2772
1020.8	2775
1079.9	2776
1173.4	2777
1065.8	2778
1101.7	2782
1074.7	2784
1157.2	2785
1046	2786
1031.3	2788
1026.5	2789
1094.8	2790
1105.6	2791
1125.5	2792
1180.8	2793
1176.3	2798
1099.4	2799
1091.3	2801
1148.9	2802
1024.8	2803
1068.5	2805
1120.1	2808
1181.7	2810
1044.8	2811
1073.7	2812
1170.7	2812
1078.7	2813
1135.8	2814
1101.5	2816
1055	2817
1121	2818
1116.1	2821
1053.3	2824
1016.7	2825
1039.8	2826
1133.7	2826
1120.2	2828
1097.4	2829
1086.8	2830
1184.8	2831
1018.5	2832
1136.5	2835
1179	2836
1001.3	2837
1026.4	2838
1118.3	2839
1092.8	2841
1199.3	2842
1124.6	2843
1148.6	2848
1058.9	2849
1126.9	2850
1015.2	2851
1153.7	2851
1186.6	2853
1007.1	2856
1128.4	2856
1127	2859
1095.8	2860
1062.5	2861
1048.5	2870
1145.5	2870
1119.1	2871
1085.1	2873
1010.3	2874
1103.3	2874
1138.4	2876
1077.5	2877
1181.1	2877
1035.4	2878
1095.9	2880
1130	2884
1064.5	2886
1159.3	2887
1057.8	2889
1005.6	2891
1172	2894
1042.5	2897
1085.3	2898
1047.7	2902
1035.2	2904
1057.5	2908
1003.3	2909
1099	2914
1009.5	2916
1100.3	2916
1034.8	2919
1049.3	2920
1032.6	2922
1039.7	2923
1143	2924
1139	2926
1055.1	2927
1059.6	2928
1183.2	2929
1052.1	2931
1152	2932
1132.2	2935
1055.8	2936
1124.9	2937
1033.2	2938
1104.7	2938
1025.1	2939
1055.5	2941
1126.6	2941
1006	2942
1153.6	2942
1189.2	2944
1131.2	2946
1020.5	2949
1148	2951
1090.5	2952
1058.1	2953
1157.9	2956
1072.6	2958
1185.5	2958
1102.5	2959
1075.3	2961
1029.8	2963
1078.6	2964
1030	2965
1094.4	2965
1177	2965
1172.3	2967
1067.7	2970
1186.5	2970
1096	2971
1183	2972
1189.7	2973
1084.7	2977
1173	2979
1180.6	2980
1162.2	2981
1137.5	2983
1007.9	2984
1029.1	2986
1085.6	2986
1189.6	2986
1178.4	2987
1036.3	2989
1153.8	2990
1105.9	2992
1102.1	2993
1094.5	2994
1106.5	2995
1127.2	2997
1093.3	3000
1114.9	3005
1180.1	3008
1099.2	3010
1180.6	3010
1195.2	3011
1091.7	3014
1004.9	3016
1184.6	3016
1117	3021
1197.6	3021
1125.6	3022
1134.9	3025
1127.5	3027
1120.9	3028
1003.4	3030
1194.1	3030
1179	3031
1184.1	3035
1117.8	3038
1005.6	3039
1118.5	3041
1077.6	3044
1063.4	3046
1135.8	3047
1047.7	3048
1118	3050
1109.3	3051
1031.6	3052
1173.8	3052
1169	3053
1115.8	3057
1036	3058
1031.8	3059
1078.3	3061
1065.2	3062
1033.4	3064
1002.6	3066
1114.6	3066
1165.9	3067
1149.3	3068
1040.6	3069
1118.3	3072
1045.4	3073
1196.3	3073
1113.6	3074
1060.3	3076
1017.6	3077
1051.8	3080
1196.3	3081
1056.1	3084
1065.8	3085
1107.2	3088
1159.4	3090
1140.1	3094
1075.7	3096
1031.9	3097
1193.8	3097
1060.8	3098
1026.2	3099
1028.7	3100
1179.8	3100
1015.7	3101
1083	3103
1170.5	3103
1138.2	3104
1169	3105
1158.4	3107
1043.6	3109
1068.3	3110
1008	3113
1007.6	3114
1177.4	3114
1164.7	3115
1085.1	3117
1100	3123
1131	3125
1183.6	3126
1050.4	3128
1186.3	3129
1187.1	3130
1009.4	3131
1198.7	3131
1106.4	3132
1028.5	3133
1166	3133
1028.3	3134
1186	3134
1129.7	3136
1094.2	3141
1170.8	3141
1042.1	3142
1098.9	3143
1063.6	3144
1037.1	3146
1141.4	3146
1004.2	3147
1149.3	3147
1115.3	3150
1179.5	3152
1094.1	3153
1153.3	3156
1064.5	3159
1102.2	3160
1009	3161
1046.2	3163
1122.3	3164
1198.6	3165
1028.4	3168
1158.1	3168
1052.2	3169
1168.7	3170
1019.5	3171
1007.9	3176
1117.9	3176
1064.5	3177
1112.9	3180
1075.7	3181
1082.7	3182
1071.1	3187
1146.7	3187
1052.9	3190
1127.1	3191
1172	3192
1100.7	3193
1143.4	3196
1025.8	3197
1177	3199
1180	3200
1115.5	3201
1038.4	3203
1193.2	3205
1182.4	3207
1085.9	3208
1176.3	3208
1081.5	3210
1183.3	3210
1116.2	3211
1180	3213
1112.5	3214
1177.5	3217
1178	3218
1124	3219
1044.8	3220
1072	3228
1102.8	3234
1120.1	3235
1189.9	3235
1173.1	3236
1070.1	3237
1005.2	3238
1049	3239
1120	3240
1107.5	3241
1152	3242
1046.2	3243
1177.1	3243
1172	3244
1104.1	3245
1096.7	3246
1037.7	3248
1061.3	3249
1124.8	3250
1103.4	3252
1026.5	3253
1044.4	3254
1184.3	3254
1069.8	3256
1014.3	3257
1104.8	3257
1072.1	3259
1029.7	3262
1069.9	3263
1034.5	3265
1117.2	3267
1089.5	3268
1018.7	3269
1098.4	3269
1065.2	3270
1157.2	3270
1046.3	3271
1045.8	3272
1180.2	3272
1131.3	3273
1038.5	3274
1190.6	3276
1137	3278
1153.1	3279
1011.3	3282
1183.2	3282
1101.8	3284
1157.3	3289
1048	3291
1074.1	3293
1107.8	3296
1191.8	3296
1069.2	3297
1137.9	3299
1002.9	3300
1039.3	3303
1023.9	3305
1104.2	3305
1065.5	3314
1029.6	3315
1124	3317
1024	3321
1070.5	3322
1082	3323
1181.6	3323
1030.5	3325
1074.2	3326
1085	3327
1103.7	3328
1172.4	3330
1075.2	3331
1138.9	3333
1005.5	3334
1084.2	3336
1183.9	3338
1068	3339
1097.3	3343
1175.4	3343
1047.5	3344
1055.2	3345
1108.3	3346
1084.7	3348
1009.8	3349
1065.3	3350
1154.8	3350
1199.9	3352
1185.8	3353
1160.4	3354
1003.5	3355
1124.5	3356
1171.9	3357
1037.4	3359
1118.6	3359
1172.4	3360
1094.1	3362
1191.9	3362
1056.8	3363
1151.4	3364
1136.4	3365
1071.6	3370
1072.1	3371
1184.4	3372
1008.2	3374
1121.7	3376
1117.4	3377
1179.9	3379
1070.3	3380
1171.8	3383
1182.5	3387
1086.8	3389
1042.9	3390
1002.7	3391
1090	3392
1009.2	3398
1032.9	3399
1197.3	3399
1079.7	3400
1148.1	3401
1098.9	3402
1001.9	3403
1174	3403
1025.2	3404
1184.5	3404
1080.7	3405
1037.2	3406
1012.5	3407
1089.3	3412
1091.6	3413
1178.5	3415
1125.2	3416
1068.9	3417
1120.1	3418
1159.2	3420
1100.8	3421
1183.3	3421
1027.2	3422
1166.4	3422
1134.8	3423
1151.9	3424
1106.8	3426
1008.7	3427
1079.7	3427
1199.2	3428
1106.1	3430
1181.1	3430
1043.9	3431
1094.5	3432
1065.2	3433
1137.3	3435
1138	3436
1143.8	3440
1093.1	3441
1198.2	3441
1095.6	3446
1029.3	3447
1112.9	3447
1146.9	3448
1002.9	3449
1147.4	3450
1013	3451
1093.1	3451
1015.5	3452
1152.7	3452
1181.9	3454
1198.7	3455
1149	3456
1129.8	3459
1135.1	3461
1017.6	3462
1161.1	3463
1027.1	3468
1074.7	3470
1012.9	3471
1166.1	3473
1074.1	3474
1144.6	3475
1020.3	3476
1136.9	3477
1061.5	3478
1131.5	3478
1036.9	3479
1082.1	3480
1167.1	3480
1148.3	3481
1047.8	3487
1038.1	3489
1117.8	3491
1017.3	3492
1082.9	3492
1030.2	3493
1077.8	3497
1108.7	3498
1045.3	3499
1000.5	3503
1087.6	3503
1041.4	3504
1042.1	3505
1190.6	3506
1088.4	3507
1063.9	3508
1093.9	3510
1090.3	3512
1016.3	3513
1163.3	3513
1056.2	3515
1077.8	3516
1155.5	3516
1164.5	3517
1193.9	3518
1156.3	3519
1137.6	3521
1074.6	3522
1138.9	3523
1034.8	3525
1130.4	3526
1132.6	3528
1047.9	3530
1162.1	3531
1071.3	3532
1105.7	3536
1183.8	3536
1011.7	3537
1077.2	3538
1141.2	3538
1121.7	3542
1191.2	3542
1072.7	3543
1112.1	3544
1054.4	3546
1116.6	3546
1098.4	3548
1025.1	3549
1032.3	3551
1007.1	3552
1062.3	3553
1092.4	3555
1139	3557
1077.3	3558
1026.9	3560
1143	3560
1159.8	3562
1123.8	3563
1150.2	3564
1081.4	3566
1119	3568
1170.2	3569
1056.3	3570
1089.2	3573
1102.1	3576
1143.4	3578
1118.8	3579
1142.1	3580
1110.2	3583
1191.6	3584
1102	3585
1097.8	3586
1050.7	3587
1119.9	3588
1064.6	3590
1042	3591
1137.4	3593
1035.3	3595
1017.8	3598
1196.6	3598
1159.9	3602
1003.9	3604
1197.3	3604
1114.4	3605
1069	3608
1168.6	3608
1136.9	3609
1158.8	3614
1076.2	3615
1046.7	3619
1032.5	3620
1162.1	3622
1142.9	3626
1056	3629
1161.9	3633
1181.6	3634
1180	3635
1062.6	3637
1187.6	3637
1057.6	3638
1007.4	3641
1171.5	3644
1043.9	3645
1074.3	3646
1064.7	3647
1040.3	3650
1106.1	3654
1001.8	3656
1147.3	3662
1076.4	3663
1109.8	3664
1164.9	3665
1003.3	3666
1032.6	3668
1051.3	3670
1082.5	3672
1087	3675
1193.1	3675
1188.8	3676
1007.5	3679
1114	3679
1160.6	3680
1052.4	3682
1168.3	3682
1077	3683
1195.9	3683
1095.6	3685
1127.1	3686
1133.5	3687
1022	3690
1031	3693
1071.1	3694
1005.8	3695
1183.5	3695
1189	3696
1036	3697
1150.8	3700
1016.8	3701
1092.1	3702
1069.2	3703
1067.2	3704
1011.8	3706
1001.6	3707
1129.5	3709
1173.8	3710
1035.6	3711
1190	3711
1008	3712
1170.6	3712
1183.9	3714
1095.4	3716
1198.9	3717
1158.7	3719
1099.7	3720
1086.3	3723
1161.7	3725
1120.2	3726
1121.2	3727
1187	3729
1168.3	3730
1084.2	3731
1027	3734
1139.5	3734
1090.6	3735
1049.2	3736
1170	3736
1171.4	3743
1186.9	3744
1175.5	3745
1046.8	3746
1089.4	3749
1071.3	3750
1064.2	3751
1131.7	3752
1046.3	3753
1165.4	3753
1007.9	3755
1093.8	3755
1140.5	3763
1016.7	3764
1071	3766
1185.9	3767
1048	3768
1009.1	3769
1092.2	3769
1039.4	3776
1118.5	3776
1108.1	3777
1097.3	3780
1142.9	3782
1044.7	3783
1012	3784
1051	3785
1187.2	3787
1099	3788
1130.6	3789
1050.1	3790
1125.8	3793
1027	3794
1082.3	3795
1020.1	3796
1189.5	3799
1061.9	3809
1160.7	3812
1157.8	3813
1056.6	3817
1174.7	3817
1012.5	3819
1111.5	3819
1101.3	3820
1028.8	3821
1111.7	3822
1085.9	3824
1130.2	3825
1172.8	3827
1057.6	3829
1004.3	3830
1125.2	3830
1109.2	3832
1194.1	3832
1035.4	3833
1182	3834
1169	3835
1079.7	3840
1111	3843
1153	3844
1147.7	3845
1094.4	3847
1004.1	3848
1026.5	3853
1127.7	3853
1180.9	3854
1044.2	3857
1113.3	3858
1049	3859
1091.7	3861
1013.3	3862
1033.6	3865
1097.6	3865
1079.1	3866
1039.4	3867
1161	3869
1050.6	3874
1149.4	3874
1075.3	3875
1053.8	3877
1077.8	3878
1042.9	3882
1140	3882
1047	3887
1077	3888
1042.2	3891
1042.9	3892
1099.4	3896
1103.8	3899
1023.5	3901
1127.1	3903
1063.9	3904
1157.3	3905
1090.3	3910
1151.4	3913
1004.4	3914
1159.2	3914
1172.8	3915
1070.5	3917
1133.4	3917
1135.6	3919
1074.2	3928
1015	3930
1162	3930
1001.2	3931
1135.4	3931
1079.4	3933
1103.6	3936
1074.4	3937
1146.4	3938
1168.2	3939
1044.3	3940
1185	3942
1076.5	3943
1069.5	3945
1177.3	3945
1104.7	3946
1121.6	3950
1052.4	3951
1155.3	3952
1093.5	3954
1061.2	3955
1162.7	3956
1058.3	3960
1051.1	3961
1163.5	3962
1197.9	3963
1171.5	3964
1036.2	3965
1196.6	3965
1021.6	3967
1110.9	3969
1004.8	3973
1132.4	3973
1144.3	3974
1073.7	3975
1012	3977
1172.5	3977
1063.8	3978
1080.5	3979
1191.2	3979
1132.5	3981
1030.4	3982
1057.5	3985
1162.7	3986
1116.6	3987
1164.1	3989
1078.5	3990
1190.2	3993
1126.8	3994
1089	3995
1034.1	3996
1040.1	3998
1026.2	3999
1089.3	4000
1110.8	4002
1122	4003
1058.8	4004
1200	4004
1019	4005
1129.4	4005
1069	4006
1161	4007
1019.3	4008
1109.8	4008
1021.2	4009
1161	4011
1004.6	4013
1088.8	4014
1039.9	4017
1149.5	4017
1135.1	4018
1160.3	4020
1029	4023
1137.3	4023
1071.4	4025
1048.3	4026
1045.9	4028
1147	4034
1158.9	4036
1128.8	4037
1173.1	4038
1101.6	4040
1063.6	4041
1187.2	4041
1038.2	4042
1164.6	4042
1074.9	4046
1079.8	4047
1051.3	4056
1135.2	4057
1023.7	4059
1101.1	4060
1154.2	4061
1014.7	4062
1115.1	4062
1087	4064
1159.5	4064
1199.5	4066
1047.9	4070
1035.4	4075
1140.1	4076
1124.5	4078
1029.8	4079
1117.6	4079
1036.9	4081
1102.6	4083
1191.3	4083
1115.9	4084
1184.2	4085
1054.7	4086
1087.2	4088
1090.3	4089
1044.7	4090
1133.9	4095
1122.3	4096
1143.3	4099
1168.1	4100
1069.7	4101
1095.2	4103
1143	4104
1104	4106
1035.6	4107
1154.9	4107
1032.2	4108
1137.5	4108
1131.8	4111
1148.1	4112
1076.5	4113
1062.1	4115
1199.9	4115
1129.3	4116
1048.8	4118
1144.1	4119
1141.1	4120
1192.5	4122
1062.5	4123
1077.8	4124
1035.1	4125
1192.5	4126
1118.6	4127
1011.2	4128
1101.1	4129
1198.7	4129
1006.7	4130
1194.5	4131
1033	4132
1094.2	4136
1011.1	4137
1141.8	4137
1108	4138
1042.1	4144
1060.5	4145
1160.6	4146
1123	4148
1187	4150
1048.2	4151
1198.2	4155
1105	4158
1090.2	4160
1045.7	4162
1186.3	4165
1185.2	4166
1079.3	4167
1019.4	4169
1065.2	4170
1184.1	4170
1088.3	4173
1176.4	4174
1068.4	4175
1002.2	4177
1114.8	4177
1094.6	4178
1119.6	4181
1080.4	4182
1015.9	4185
1109.4	4185
1024	4186
1124.4	4189
1027.4	4191
1114.8	4195
1194.5	4195
1171.3	4196
1094.4	4197
1180	4197
1005.3	4199
1166.8	4199
1079.2	4200
1085.9	4202
1081.8	4203
1120.4	4205
1069.2	4206
1128.5	4210
1181.1	4212
1020.9	4213
1120.3	4214
1017	4216
1102.5	4216
1087.7	4217
1152.8	4218
1109.2	4219
1062.7	4220
1153.7	4222
1010.3	4223
1167.9	4224
1139.6	4227
1107.9	4228
1117.6	4232
1173.6	4233
1130.9	4235
1051.7	4236
1156.5	4236
1054.8	4237
1149.6	4238
1014.7	4239
1029.1	4241
1055.8	4242
1105.5	4243
1077.1	4244
1110.1	4246
1195.9	4246
1148.4	4247
1066	4249
1060.9	4250
1172.3	4250
1003.6	4252
1081.9	4252
1157	4252
1004.1	4253
1161.7	4255
1016.6	4256
1193.2	4256
1040.2	4257
1164.2	4259
1158.7	4261
1138.9	4263
1134.2	4264
1180.9	4265
1033.4	4266
1024.9	4268
1198.6	4268
1186.5	4269
1061.2	4271
1142.6	4272
1155.2	4273
1098.7	4274
1006	4275
1129.6	4278
1188.5	4279
1115	4280
1156.6	4282
1170.3	4286
1078.1	4288
1025.6	4289
1103.5	4290
1074.8	4291
1089.4	4292
1148.4	4293
1102.2	4295
1037.1	4296
1057	4301
1037.4	4304
1052.3	4306
1130.9	4306
1034.8	4307
1133.4	4308
1132.7	4311
1038.4	4314
1010.6	4315
1131.9	4317
1037.7	4318
1192.1	4318
1030.6	4319
1053.3	4320
1005	4322
1113.9	4323
1073.6	4324
1067.9	4325
1163.8	4325
1045.4	4326
1134.3	4326
1105.6	4327
1141.7	4331
1102.2	4332
1035.8	4333
1169.5	4335
1032.6	4338
1180.9	4340
1031.3	4341
1107.2	4342
1191.7	4343
1092.5	4344
1174	4348
1133.6	4350
1195.1	4350
1149.9	4352
1022.8	4353
1004.2	4355
1005.7	4357
1040.9	4359
1015.5	4360
1005.8	4361
1116.8	4361
1001.4	4363
1119.8	4363
1036.9	4364
1184.3	4364
1030.7	4368
1023.1	4369
1048	4371
1131.3	4374
1053	4376
1185.5	4376
1158.3	4378
1010.8	4380
1185.6	4380
1158.1	4381
1120.2	4384
1171.4	4384
1026.1	4385
1162	4385
1001.7	4390
1138.4	4390
1069.6	4394
1096.9	4395
1037.5	4397
1123.6	4397
1154.1	4398
1162	4400
1022.2	4401
1190.4	4404
1158.1	4405
1118	4406
1133.7	4408
1117.9	4409
1126.4	4410
1049.2	4411
1151.9	4411
1070.6	4413
1086.1	4416
1135.1	4417
1057	4419
1190.5	4423
1087.2	4426
1119.8	4428
1068.3	4429
1004.1	4430
1163.7	4430
1135.5	4432
1139.1	4434
1033.5	4437
1060.2	4438
1112.7	4442
1141.2	4446
1148.1	4447
1085.9	4449
1165.3	4449
1056.6	4454
1097.7	4455
1187.4	4455
1046.1	4456
1141.1	4456
1145.7	4460
1064	4462
1187.7	4462
1170.9	4464
1078.3	4468
1167.7	4469
1055.8	4471
1033.7	4473
1049.9	4474
1048.7	4480
1194.1	4480
1029.6	4482
1102.7	4482
1113.3	4483
1081.4	4484
1140.8	4484
1024.1	4485
1156.8	4485
1122.4	4486
1008.6	4490
1160.7	4491
1150.7	4493
1026.1	4494
1128.5	4495
1014.9	4498
1179.3	4498
1064.6	4499
1127.1	4501
1058.4	4514
1138.9	4515
1014.6	4517
1117.1	4521
1100.8	4522
1152.4	4523
1114.6	4527
1073.6	4528
1037	4529
1063	4530
1136.5	4532
1102.1	4534
1125.7	4535
1065	4536
1120.1	4539
1039.1	4542
1024.6	4543
1123.5	4543
1187.9	4544
1026.1	4545
1055.7	4547
1093.2	4548
1090.9	4549
1114.8	4550
1125.3	4551
1098.5	4552
1151.2	4554
1031.4	4555
1093.7	4557
1007.3	4561
1182.4	4562
1173.7	4563
1069.3	4568
1049.5	4569
1026.3	4570
1167.1	4570
1176	4573
1005.6	4575
1072.6	4577
1080.1	4578
1178.9	4578
1075.9	4579
1103.8	4583
1109.1	4584
1164.7	4590
1055.6	4591
1173.8	4591
1129.6	4592
1099.8	4593
1062.6	4594
1099.9	4595
1096.6	4599
1183.5	4602
1131.1	4603
1192.5	4604
1009	4607
1128.4	4607
1078.5	4608
1107.6	4610
1197.8	4610
1147.7	4611
1051	4612
1092.7	4613
1128.5	4616
1069.9	4617
1129.2	4619
1194.3	4621
1009.4	4622
1169.5	4622
1027.1	4623
1115	4625
1095.3	4626
1069.5	4627
1150.5	4628
1158.8	4630
1061.7	4631
1091.5	4632
1057.4	4634
1159.7	4634
1025.1	4635
1073.8	4636
1186.9	4637
1160.3	4638
1090.9	4644
1055.3	4645
1174	4647
1082	4648
1014.6	4650
1159.4	4651
1148.3	4652
1092.5	4653
1132.7	4654
1008.6	4655
1020.7	4656
1037.2	4657
1059.6	4658
1195.6	4661
1022.6	4663
1150.4	4664
1095.6	4665
1126.8	4666
1053.2	4667
1037.4	4674
1037.7	4676
1124	4677
1024.3	4678
1196.6	4682
1071	4684
1105.6	4686
1031.6	4687
1170.5	4687
1001.5	4689
1020.4	4690
1028.9	4694
1041.1	4696
1132.3	4696
1125.2	4699
1100.7	4700
1177.1	4700
1002	4702
1109.5	4703
1069	4704
1116.6	4706
1148.8	4707
1186.4	4708
1005.2	4710
1116	4712
1000.1	4714
1064.7	4718
1142.2	4719
1087.3	4722
1007.8	4723
1050	4724
1066.7	4727
1031.7	4730
1187.5	4730
1017.4	4732
1057.7	4734
1005.2	4736
1149	4736
1154.6	4737
1180.5	4738
1146.4	4740
1139.5	4741
1033.5	4742
1174	4742
1145	4745
1063.3	4746
1116.1	4747
1047.4	4750
1044.4	4754
1058.1	4755
1157	4757
1027.5	4758
1088.7	4759
1066	4762
1193.7	4765
1074.3	4766
1199.8	4766
1156.7	4767
1041.5	4769
1082	4770
1180.3	4772
1099.2	4775
1198.5	4775
1025.4	4776
1059.8	4777
1021.8	4778
1007.3	4779
1103.3	4780
1045.8	4783
1171.2	4785
1018.7	4786
1198.5	4786
1178.8	4787
1042.7	4789
1121.1	4791
1007	4792
1099.6	4792
1018.1	4793
1145.3	4796
1131.4	4798
1162.4	4800
1148.7	4801
1040.8	4803
1012.6	4804
1064.8	4806
1070.5	4807
1050.3	4809
1010.3	4811
1167	4812
1133.1	4813
1086.8	4816
1004.7	4817
1128.7	4818
1158.8	4819
1097	4821
1080.5	4826
1121.9	4828
1105.2	4829
1007.3	4830
1161.1	4833
1053.6	4834
1061	4839
1165.8	4839
1004	4842
1153.3	4842
1198.3	4843
1165.2	4846
1099.9	4848
1096.6	4849
1021	4850
1083.6	4851
1078.7	4852
1015.4	4853
1063.8	4854
1057.8	4855
1063	4857
1024.2	4858
1057.5	4859
1082.8	4860
1156	4861
1067	4863
1007.9	4864
1093.3	4866
1087	4868
1113	4869
1133.4	4872
1113.9	4874
1006.6	4877
1102.1	4877
1191.9	4879
1055.4	4881
1140.3	4882
1038.5	4883
1097.4	4885
1062.5	4887
1106	4888
1117.7	4890
1036.8	4892
1092.8	4894
1070.2	4896
1047.5	4897
1115.5	4897
1079.1	4898
1133.1	4900
1073.7	4902
1101	4903
1016.6	4905
1061.9	4906
1012.4	4907
1030	4912
1185.6	4912
1170.9	4914
1097.1	4915
1103	4918
1036.8	4919
1196.7	4921
1134	4922
1132.1	4923
1133.7	4925
1185	4927
1015.8	4928
1010.2	4932
1016.9	4935
1193.3	4935
1180.2	4937
1130.5	4938
1061.5	4939
1030.8	4940
1187.7	4940
1052.9	4941
1005	4942
1052.1	4943
1109	4947
1101.9	4948
1046	4949
1073.3	4952
1186	4952
1078.7	4953
1193.1	4954
1002.5	4955
1188.8	4955
1046.8	4956
1122.2	4960
1023.2	4961
1166.8	4963
1135.8	4964
1034.3	4967
1142.3	4967
1112.4	4969
1098	4970
1111.7	4972
1022.3	4973
1066.9	4975
1162	4976
1133	4979
1059.8	4980
1111.7	4984
1194.8	4984
1103.1	4987
1084	4991
1159.2	4991
1055.1	4992
1177.6	4992
1007.3	4994
1045.8	4995
1130.8	5000
1028.9	5002
1004.9	5003
1172	5003
1040.3	5006
1144.4	5006
1003.2	5008
1093.2	5010
1155.2	5011
1179	5013
1176.3	5016
1074.2	5022
1193.8	5022
1085.5	5023
1134	5024
1063.3	5027
1049.1	5029
1111.1	5030
1158	5031
1033.1	5032
1163.8	5032
1195.7	5033
1111.9	5035
1030.2	5037
1184.9	5037
1081.4	5038
1062.8	5039
1181.4	5039
1082.5	5040
1180.5	5040
1119.7	5042
1108.1	5044
1082.3	5045
1071.8	5047
1053.8	5049
1150.3	5050
1022.7	5055
1136.4	5055
1107.6	5057
1080.2	5058
1196.4	5059
1113.6	5064
1078.6	5065
1145.1	5065
1064.4	5066
1169.1	5066
1194.1	5067
1070.8	5069
1138.1	5070
1082.2	5071
1022.3	5072
1182	5072
1198.8	5073
1137.2	5075
1028	5077
1132.7	5079
1164.1	5080
1057.4	5086
1100	5087
1155.3	5089
1007.7	5090
1172.7	5090
1086	5091
1053.5	5093
1137.6	5093
1085.5	5095
1049.8	5097
1167.3	5097
1118.1	5098
1182.5	5099
1109.5	5100
1062.1	5106
1111.9	5107
1186.4	5108
1197.7	5109
1100.9	5110
1029.9	5111
1077.2	5115
1198	5118
1074.4	5119
1188.8	5121
1037.3	5123
1140.4	5124
1065.9	5125
1151	5125
1107.7	5126
1064.4	5127
1181.7	5131
1117.6	5132
1120.5	5133
1085.6	5135
1180.5	5135
1018.7	5139
1188.1	5139
1094.6	5140
1096.3	5141
1063.5	5142
1062.9	5145
1070.2	5149
1035.6	5150
1103.4	5150
1130.8	5151
1157.5	5152
1082.7	5153
1005.3	5156
1085.2	5156
1129.6	5160
1068.1	5161
1053.4	5162
1014.8	5164
1139.9	5166
1103.5	5170
1161.2	5170
1052.1	5173
1125.5	5173
1006.6	5174
1068.7	5174
1035.5	5175
1009.1	5176
1084.5	5176
1092.7	5180
1120.4	5181
1130	5183
1086.6	5184
1097	5185
1159.4	5186
1194.3	5187
1068.4	5188
1018.6	5189
1155.4	5190
1081.6	5192
1162.5	5192
1127.2	5194
1108.4	5196
1019.3	5199
1128.1	5199
1106.2	5200
1095.9	5201
1133.7	5203
1198.4	5205
1140.2	5214
1175.7	5215
1036.6	5216
1145.1	5216
1180.2	5219
1050.3	5220
1065.5	5223
1024.3	5225
1047.6	5226
1076.3	5227
1176.4	5228
1037.9	5229
1028.2	5231
1149	5231
1044.8	5232
1151.2	5234
1168.6	5235
1143.2	5236
1151.9	5238
1078.3	5240
1013.7	5241
1131.7	5242
1112.9	5243
1175	5243
1117.9	5244
1139.8	5245
1009.3	5247
1035.2	5253
1017.8	5255
1023.3	5256
1195.8	5256
1008.6	5259
1112.2	5259
1152	5262
1121.6	5265
1015.5	5268
1120.8	5268
1089.5	5274
1073.9	5275
1132.1	5277
1177.8	5278
1106.2	5279
1011.4	5281
1032.7	5283
1128.7	5283
1068.3	5284
1177.8	5284
1094	5285
1096.5	5286
1196.8	5286
1136.4	5287
1025.4	5289
1009.1	5291
1120.5	5291
1087	5294
1162.7	5299
1146.9	5300
1115.3	5301
1195	5304
1030.1	5305
1158.5	5305
1199.9	5306
1178.7	5307
1092.4	5308
1109.6	5311
1178.9	5313
1195.9	5314
1139.1	5315
1067.7	5316
1100.6	5317
1043	5319
1069.9	5320
1175.6	5321
1144.7	5322
1108.4	5327
1166.1	5328
1197.3	5330
1059.8	5333
1090.3	5334
1004.1	5337
1112.1	5337
1169.6	5338
1003.6	5340
1112.8	5341
1091.5	5342
1015.9	5343
1065.3	5344
1080.9	5346
1136.8	5350
1066.9	5351
1124.4	5351
1098.1	5354
1181.9	5354
1084.7	5355
1020.6	5356
1156.3	5356
1136.1	5358
1085.5	5359
1182.9	5359
1124.8	5360
1047.2	5361
1118.2	5364
1052.6	5367
1143.6	5367
1066.4	5370
1053.4	5372
1199.8	5372
1174.8	5373
1045	5375
1055.1	5376
1056.5	5378
1199.3	5378
1163.9	5381
1103.3	5382
1089.9	5383
1030.2	5386
1136.2	5387
1044.6	5390
1075.6	5391
1026.6	5395
1004.7	5396
1096.6	5396
1088.9	5397
1095.9	5398
1183.1	5398
1004.8	5400
1114.1	5400
1191.1	5401
1144.4	5403
1139	5404
1048.1	5405
1016.4	5408
1108.8	5408
1147.3	5409
1092.3	5411
1083.1	5412
1157.1	5413
1157.9	5415
1016.5	5417
1146.7	5418
1084.1	5419
1082.4	5420
1172.5	5422
1074	5425
1044.8	5428
1054	5430
1065.4	5432
1111.3	5433
1017.1	5435
1084.8	5436
1008.1	5437
1199.8	5438
1026.3	5440
1099.6	5441
1097.7	5442
1081.8	5443
1036.1	5445
1043.5	5446
1197.7	5446
1156.3	5447
1122.2	5448
1010.5	5449
1014.7	5451
1142.8	5451
1135.4	5452
1155.7	5453
1047.7	5454
1094.4	5456
1074.9	5458
1001	5459
1116.5	5459
1096	5461
1108	5462
1154.7	5463
1147.3	5465
1199.9	5469
1080.9	5474
1099.9	5478
1072.8	5479
1022.2	5480
1176.1	5480
1078.3	5481
1152.7	5481
1067.8	5486
1120.3	5487
1095.8	5488
1163	5489
1024.9	5490
1163.5	5491
1115.8	5492
1071.2	5495
1162.6	5496
1057.9	5497
1163.2	5497
1128.1	5499
1187.4	5500
1009.8	5502
1089.3	5503
1197.6	5504
1129	5505
1196.6	5508
1156.6	5510
1023.4	5511
1114.4	5512
1173.2	5516
1113.8	5518
1189.7	5518
1052.7	5522
1092.6	5523
1175.7	5526
1127.1	5527
1078.8	5528
1159.8	5528
1018	5530
1142.6	5530
1067.1	5532
1013.8	5533
1076.9	5533
1132.8	5534
1086.1	5538
1035	5540
1093.7	5545
1161.1	5550
1108.5	5551
1122.4	5552
1185	5553
1079.8	5555
1155	5558
1010.2	5562
1142.8	5564
1040.2	5565
1083.8	5567
1172.3	5567
1007.6	5569
1132.4	5569
1020.5	5570
1138.8	5571
1151.9	5573
1122.9	5574
1184.7	5575
1144.6	5576
1129.6	5578
1073.1	5582
1086.2	5583
1197.9	5584
1150	5586
1137.4	5588
1061.8	5590
1183.5	5590
1183.6	5591
1116.3	5596
1053.9	5597
1164.4	5597
1126.4	5599
1084.2	5601
1144	5605
1154.1	5609
1102.2	5612
1071.6	5613
1192.2	5613
1126.9	5615
1002.3	5616
1138.6	5616
1011.4	5617
1098.8	5618
1107.5	5621
1085.1	5625
1032.2	5627
1008.1	5628
1099.5	5629
1169.2	5630
1005	5632
1066.2	5635
1112.8	5639
1038.6	5642
1166.3	5643
1068.7	5644
1042.6	5645
1145.6	5645
1035.4	5648
1112.8	5649
1019.6	5651
1163.8	5651
1140.6	5653
1005.6	5654
1082.5	5656
1151.4	5661
1160.4	5663
1051	5664
1055.1	5666
1082.3	5669
1038.1	5671
1141.6	5672
1043.9	5673
1160.5	5673
1027.5	5675
1062.1	5676
1156	5677
1111	5678
1037.5	5681
1064.4	5686
1009.4	5690
1115.3	5690
1195.1	5690
1126.1	5693
1194.6	5695
1189.9	5696
1097.4	5697
1026.5	5698
1191.2	5700
1045.6	5706
1119.4	5706
1002.3	5710
1123.3	5711
1021.3	5712
1133.1	5712
1033.8	5714
1059.2	5715
1002.1	5719
1157.2	5721
1043.5	5722
1156	5722
1011.8	5723
1003.7	5724
1146.4	5725
1154	5726
1122	5727
1121.6	5729
1008.5	5733
1165.4	5733
1071	5734
1191.5	5735
1044.8	5736
1050.5	5739
1183.6	5739
1195.1	5741
1191.6	5743
1142.3	5744
1005.4	5745
1126.6	5745
1185.5	5751
1069.8	5752
1135.3	5754
1181.2	5755
1065.7	5756
1116.7	5757
1116.5	5759
1111	5760
1130.6	5762
1070.9	5763
1039.5	5770
1155.1	5770
1052	5771
1146.2	5771
1149.1	5772
1004.4	5773
1061.7	5774
1012.2	5775
1053.3	5778
1083.9	5779
1001.6	5781
1089.3	5782
1118.2	5783
1085.6	5784
1190.8	5784
1006.7	5785
1084.3	5785
1165.5	5786
1060.3	5787
1179.2	5789
1110.5	5792
1025.5	5793
1177.9	5795
1078.8	5798
1158.9	5799
1152.8	5804
1103.7	5805
1147.9	5807
1150.5	5808
1063.9	5810
1047.1	5811
1108.3	5811
1087.5	5812
1056.8	5813
1166.5	5814
1153.7	5817
1152.7	5818
1182.7	5820
1074.2	5822
1144.5	5824
1099.8	5825
1167.6	5825
1003.7	5827
1157.5	5829
1002.1	5830
1170.2	5830
1131.5	5838
1192.7	5840
1068.6	5841
1122	5843
1059.6	5844
1062.8	5847
1053.6	5849
1148.5	5849
1001.6	5851
1118.5	5851
1055.1	5852
1028.4	5853
1127.4	5854
1044.4	5855
1152.4	5858
1197	5862
1041.7	5863
1049.8	5865
1065.5	5869
1084.3	5870
1149.8	5870
1055.1	5871
1135.8	5872
1195.9	5873
1064.9	5875
1040.4	5876
1024.2	5877
1038.3	5880
1076	5882
1016.9	5884
1004.4	5885
1118.9	5885
1154.3	5886
1111.4	5890
1101.6	5892
1023.7	5897
1129.2	5897
1044.4	5899
1173.1	5900
1025.5	5901
1174.5	5902
1057.3	5904
1158.8	5904
1046.8	5907
1049.9	5908
1159.4	5909
1109.3	5911
1169.4	5911
1008.1	5913
1131.2	5916
1020.6	5918
1054.8	5919
1090.4	5920
1105.9	5923
1194.4	5923
1098.8	5924
1188.4	5925
1090.9	5926
1078.8	5929
1147.6	5929
1008.9	5930
1071.5	5932
1009	5933
1180.1	5936
1144.2	5938
1059.5	5940
1134	5942
1001.3	5945
1144.5	5945
1005.2	5946
1125	5946
1100.4	5947
1013.1	5949
1016.3	5950
1035.5	5954
1139	5955
1157.3	5956
1057.9	5958
1032.8	5959
1075.8	5963
1055.7	5964
1190.8	5966
1039.2	5967
1166.4	5971
1086.3	5972
1064.9	5973
1168.6	5973
1023	5976
1008.3	5980
1112.1	5980
1101.7	5983
1198.9	5985
1131.4	5986
1073.9	5987
1059.1	5988
1151.7	5988
1081.7	5989
1005.5	5990
1012.5	5991
1075.7	5992
1095.3	5993
1091.1	5994
1060.3	5995
1008.5	5996
1079.7	5996
1028.4	5998
1146.4	5999
1024.6	6000
1022.9	6001
1122.5	6001
1091.4	6002
1145.4	6004
1168.2	6005
1173.4	6006
1095.4	6007
1168.1	6007
1141.7	6008
1167.1	6009
1193.2	6010
1089.8	6011
1016.2	6012
1133.9	6013
1061.4	6016
1189.4	6017
1044	6018
1044	6019
1154	6019
1099.2	6021
1024.3	6023
1038.2	6024
1120	6024
1012.1	6025
1100.9	6025
1005.4	6028
1057.8	6030
1079.3	6031
1103.5	6032
1028.6	6033
1048.7	6034
1147	6034
1046.1	6035
1173.4	6035
1080.9	6036
1108.5	6039
1028.2	6040
1096	6041
1146.8	6045
1127.6	6048
1009.3	6050
1173.7	6050
1138.5	6052
1116.7	6056
1025.4	6061
1182.8	6061
1104.5	6062
1047.4	6063
1163.1	6065
1005.9	6066
1080	6067
1092.5	6068
1008.8	6071
1157.5	6072
1006.4	6073
1066.2	6074
1059.5	6075
1180.7	6077
1147.1	6078
1190.6	6080
1183.2	6081
1096.9	6086
1165	6089
1123.5	6090
1060	6091
1022	6095
1163.1	6095
1003.4	6096
1157.3	6096
1132.8	6097
1123.7	6098
1091.9	6099
1000	6104
1123.6	6106
1188.3	6107
1018.7	6108
1193.5	6109
1166.3	6110
1150.5	6111
1153.8	6112
1127.2	6114
1081.7	6115
1062.7	6116
1183.9	6116
1071.7	6119
1198	6119
1116.8	6123
1185.1	6125
1185.6	6126
1052	6128
1106.2	6129
1162.3	6130
1023.5	6131
1117.8	6131
1094.5	6133
1003.9	6134
1148.5	6134
1068.3	6135
1071.9	6137
1009.3	6139
1020.8	6141
1186.4	6142
1063.1	6144
1116.6	6146
1056.7	6147
1171.8	6147
1128.9	6149
1124.7	6151
1023.5	6152
1172.1	6152
1158.1	6153
1174.2	6154
1027.5	6157
1072.1	6158
1076.9	6160
1031.2	6161
1092.9	6162
1162	6163
1124.8	6166
1021.7	6167
1138.4	6167
1101.9	6170
1063.2	6174
1092.5	6176
1054.2	6177
1099.4	6179
1143.7	6181
1111.3	6184
1026.1	6186
1198.9	6187
1111.9	6190
1075.4	6191
1030	6195
1176	6196
1143.3	6197
1012.3	6198
1113.3	6199
1056.1	6201
1038.8	6202
1049.1	6204
1191.5	6206
1074.5	6207
1009.1	6210
1191.9	6210
1120.8	6211
1181.6	6214
1060.2	6217
1186.6	6217
1119.2	6218
1190.3	6219
1092.7	6220
1059.5	6221
1162.7	6222
1126.8	6223
1027.5	6224
1144	6226
1088.8	6228
1148.8	6229
1072.4	6230
1020.7	6231
1171	6231
1157.7	6233
1057.5	6234
1188.2	6235
1101.2	6237
1193.8	6237
1137.4	6238
1183.5	6239
1104.6	6240
1092.4	6241
1067.1	6244
1002.9	6245
1066.8	6246
1135.1	6248
1058.4	6249
1059	6251
1064.8	6253
1195.6	6253
1126.5	6254
1120.4	6255
1186.2	6255
1101.5	6256
1066.8	6259
1020.7	6261
1172.7	6261
1188.5	6263
1094.9	6265
1197.3	6266
1120	6270
1162.3	6273
1149.5	6276
1138.2	6277
1029.6	6281
1164.6	6286
1073.3	6289
1112.7	6291
1149	6292
1125.2	6295
1164.8	6297
1114.5	6301
1146.5	6302
1097.7	6303
1027.2	6306
1015.6	6307
1100.7	6307
1180.9	6309
1182.7	6311
1175.4	6312
1130.1	6313
1192.9	6316
1065	6317
1101.1	6318
1140.2	6319
1097.9	6320
1084	6323
1079.2	6324
1087.6	6326
1009	6327
1096	6329
1098.3	6330
1159.7	6331
1070	6333
1051.2	6334
1170.2	6335
1062.6	6337
1155.7	6337
1159.7	6341
1002.1	6342
1113	6342
1135.7	6345
1016	6354
1100.5	6355
1076.4	6356
1014.2	6357
1021.7	6358
1139.1	6358
1155.5	6359
1173.8	6360
1197.6	6361
1001.8	6365
1153.6	6365
1028.8	6366
1081.6	6368
1045.6	6371
1052.3	6372
1078	6373
1044	6374
1010.7	6375
1082.4	6375
1191.6	6375
1093.4	6376
1186.1	6376
1197.5	6378
1132.3	6380
1071.3	6383
1025.6	6384
1095.3	6384
1025.2	6385
1043	6387
1104.6	6391
1002.1	6393
1096.1	6393
1102.5	6394
1156.5	6397
1185.6	6398
1087.5	6400
1150.3	6401
1150.9	6403
1061.8	6405
1121	6405
1163.8	6406
1089.8	6408
1010.7	6409
1056	6410
1032.5	6411
1176.9	6411
1101.7	6415
1043.2	6417
1128.3	6419
1180.2	6420
1004.6	6421
1092.1	6423
1170.3	6424
1142.5	6425
1147.9	6426
1134.6	6427
1104.2	6429
1010.1	6430
1125.7	6431
1148.1	6433
1176.2	6436
1082.6	6437
1169.5	6437
1142.3	6438
1036.8	6439
1133	6439
1088.4	6441
1051	6445
1097.3	6446
1069.8	6447
1012.5	6448
1099.8	6448
1166.5	6448
1067.6	6449
1156.3	6450
1116.6	6451
1071.2	6452
1053.9	6453
1130.5	6455
1042.6	6458
1134.1	6460
1093.5	6461
1179.4	6466
1187.1	6467
1141.6	6470
1174.6	6472
1026.7	6473
1075.3	6474
1050.4	6475
1011.5	6476
1020.8	6477
1158.6	6477
1073.8	6484
1114.8	6485
1029.6	6486
1084.3	6492
1193.1	6492
1040.1	6495
1103.9	6495
1013.7	6496
1009.3	6498
1022.7	6499
1148.5	6499
1022.6	6501
1112.4	6501
1093.4	6504
1158.7	6505
1030.1	6507
1121.4	6508
1062.6	6509
1039	6510
1006.1	6511
1117.2	6513
1053.6	6515
1122.3	6516
1111.1	6517
1124.5	6518
1089.2	6519
1058.3	6521
1001.7	6522
1148.2	6522
1103.3	6526
1034.2	6528
1177.5	6528
1098.8	6529
1024.1	6530
1027.1	6531
1016.3	6532
1163.2	6532
1043.8	6534
1046.8	6535
1058.8	6536
1011.9	6537
1125.8	6538
1189.6	6541
1111.4	6546
1081	6547
1013.2	6549
1107.6	6549
1191.5	6549
1063.4	6550
1079.6	6551
1002.1	6553
1105.2	6555
1060.4	6556
1024.7	6557
1045.8	6560
1096.6	6561
1007.6	6563
1126.2	6564
1074.8	6565
1012.6	6567
1016.9	6569
1099.9	6570
1007.7	6572
1134.1	6577
1041.1	6578
1154.2	6579
1070.7	6580
1002.7	6581
1114.2	6581
1195.8	6582
1158	6586
1193.3	6590
1181.5	6592
1052.6	6594
1136.8	6595
1188.3	6597
1069.8	6598
1036.3	6599
1047.6	6600
1066.4	6601
1062	6602
1198.7	6602
1012.9	6603
1085.1	6603
1019.3	6604
1108.1	6607
1099	6610
1042	6612
1000	6614
1162	6619
1164.1	6620
1066.4	6621
1086.5	6622
1040.6	6623
1136.5	6624
1191.2	6625
1191	6629
1049.4	6634
1012.9	6635
1105.1	6635
1141.2	6636
1056.8	6638
1056.4	6641
1167.8	6641
1073.4	6643
1051.8	6646
1128.6	6649
1072.5	6650
1058.1	6651
1148	6656
1163.3	6661
1150	6662
1038.8	6663
1073.7	6664
1139.9	6667
1014	6668
1105.5	6668
1189.9	6669
1066.1	6670
1012.8	6671
1129.9	6674
1147.5	6676
1041.9	6677
1047.1	6678
1005.7	6680
1140.8	6680
1040.2	6681
1027.8	6683
1111.4	6683
1084.7	6686
1155.7	6687
1161.3	6689
1108.2	6694
1059.6	6695
1197.7	6696
1026.4	6697
1156.1	6697
1048.5	6699
1149.6	6700
1015.9	6701
1053.8	6702
1047.1	6703
1134.3	6704
1094.4	6706
1086.4	6707
1062.8	6708
1110.8	6709
1156	6710
1043.9	6714
1194.3	6714
1019.2	6715
1144.6	6715
1014.4	6719
1067.4	6720
1144.9	6721
1028	6724
1191.2	6724
1049.1	6727
1173.7	6727
1011	6729
1097	6730
1072.7	6731
1198.9	6732
1053.8	6733
1069.5	6740
1172.7	6748
1106.9	6749
1112.4	6750
1047.5	6752
1178.2	6752
1154.8	6753
1197	6756
1187.4	6758
1092.6	6759
1005.9	6760
1148.6	6760
1078.1	6762
1177.7	6767
1102	6768
1128.1	6770
1068.2	6771
1152.2	6774
1079.6	6776
1140.7	6777
1088	6779
1016.5	6780
1174.4	6780
1070	6781
1002.7	6784
1073.4	6787
1025.3	6791
1115.9	6791
1032.1	6792
1028	6795
1176.6	6795
1038.6	6799
1148.5	6799
1113	6801
1014.8	6802
1160.1	6805
1028.1	6806
1195.3	6806
1042.3	6807
1048.4	6808
1132.9	6809
1033.8	6813
1010.9	6815
1141.3	6815
1034.1	6817
1050.8	6820
1154.7	6820
1063.1	6823
1150.4	6823
1001.8	6824
1120.6	6825
1047.3	6826
1053	6827
1146.7	6827
1037.6	6829
1041.3	6830
1082.9	6831
1156.3	6833
1071.4	6835
1160.1	6836
1132.6	6839
1019.9	6840
1100.2	6842
1106	6843
1039.5	6845
1152.2	6845
1008.9	6852
1042.1	6853
1122.5	6853
1107.8	6855
1196.8	6856
1110.2	6857
1001.1	6858
1025.8	6860
1166.6	6862
1019.7	6864
1163.5	6864
1012.3	6865
1055.2	6866
1178.1	6866
1057.4	6869
1067.9	6870
1042.7	6873
1171.8	6874
1026.5	6875
1028.6	6876
1147.5	6876
1181.8	6879
1089.8	6880
1101.5	6881
1009.8	6883
1045.2	6884
1100	6890
1152.8	6893
1027.8	6894
1117.2	6894
1046.4	6895
1003	6896
1149.7	6896
1175.5	6898
1110.7	6900
1056.8	6902
1197.8	6902
1159	6903
1033.3	6904
1188.5	6909
1141.7	6912
1112.7	6913
1169.2	6914
1042.1	6915
1026.4	6916
1078.5	6916
1149.4	6916
1066.6	6918
1188.6	6918
1012.1	6920
1147.9	6920
1069.4	6921
1072.4	6923
1093	6924
1091.9	6925
1094.5	6926
1197.6	6926
1189	6927
1117.3	6934
1027.5	6935
1170.5	6936
1060.5	6939
1021.7	6941
1179.6	6942
1011.1	6943
1144.9	6943
1074.1	6945
1080.5	6946
1153.5	6949
1019.7	6950
1049.2	6951
1066.9	6952
1137.6	6953
1172.2	6957
1157.5	6958
1103.4	6959
1128.9	6960
1025.3	6962
1140.6	6962
1069.8	6964
1194	6965
1167.8	6966
1003.6	6968
1014.9	6972
1128.8	6975
1000.4	6978
1168.1	6978
1161.2	6981
1025.4	6982
1135.9	6982
1172	6983
1009.9	6985
1115.3	6985
1023.9	6986
1116.3	6986
1151.2	6987
1089	6988
1078.1	6990
1087.3	6991
1071.2	6992
1129.4	6993
1050.2	6994
1197.7	6995
1089	6998
1165.7	6999
1143.8	7000
1170.8	7001
1090.2	7002
1157.1	7002
1048.7	7004
1084.4	7005
1166.1	7005
1049.6	7006
1107.7	7008
1123.7	7009
1067.2	7010
1173.1	7012
1036	7013
1069	7014
1080.1	7015
1161.1	7015
1097	7018
1047.3	7019
1049.5	7020
1039.8	7022
1159.3	7022
1097.3	7023
1171	7027
1093.3	7028
1197.4	7029
1066	7032
1106.8	7034
1002.4	7035
1100.9	7035
1157.3	7036
1115.5	7037
1124.9	7038
1081.6	7039
1176	7039
1001.1	7041
1021.4	7042
1146.1	7044
1115.3	7047
1040.4	7051
1025.2	7054
1016.5	7058
1106.2	7058
1042.9	7059
1104	7059
1012.6	7061
1019.1	7062
1053.9	7063
1168.3	7064
1008.8	7069
1033.2	7072
1148.6	7075
1056.7	7076
1199.8	7077
1068.9	7080
1076.2	7082
1062.8	7083
1109.5	7086
1039.9	7087
1147.2	7090
1195.8	7091
1105.9	7092
1001.9	7096
1127.7	7097
1070.1	7098
1113.1	7099
1152.9	7100
1032.7	7101
1135.1	7101
1057.5	7102
1182.8	7102
1111.6	7103
1166	7105
1150.3	7106
1052.3	7108
1189.1	7111
1090.6	7112
1007.2	7116
1073.5	7117
1008.6	7118
1043.9	7119
1172.7	7119
1004	7120
1118	7121
1117.8	7122
1044.2	7123
1065.2	7124
1181.7	7126
1074.1	7128
1015.9	7131
1118.4	7131
1013.5	7133
1113.7	7133
1157.6	7134
1002.7	7137
1024.4	7138
1025.8	7141
1009.7	7142
1058.6	7143
1003.2	7145
1078.1	7147
1179.2	7148
1117	7152
1145.6	7158
1055.9	7161
1192.5	7161
1078.2	7162
1044.7	7163
1036.1	7164
1183.3	7164
1096.9	7165
1083.7	7168
1165.1	7168
1102.5	7172
1187.9	7172
1142.5	7176
1091	7178
1048.4	7179
1029.1	7181
1120.7	7182
1158	7183
1118.5	7184
1196.2	7184
1049	7186
1084.1	7188
1079.6	7190
1060.4	7192
1177.1	7192
1049.3	7193
1180.8	7193
1199.7	7194
1160.2	7199
1088.6	7200
1116	7201
1071.3	7203
1140.2	7203
1049.5	7204
1049.1	7207
1134.8	7210
1086.3	7211
1163	7211
1005.9	7213
1034.4	7214
1093.3	7215
1157.6	7218
1074.9	7224
1175.7	7225
1040.5	7226
1090.9	7232
1192.7	7232
1013.2	7233
1156.1	7233
1180.6	7235
1094.2	7236
1190.8	7237
1109.7	7239
1171.7	7240
1099.5	7241
1068.6	7243
1156	7244
1148	7247
1080.4	7248
1126	7249
1027.3	7251
1127	7252
1164.4	7255
1065.8	7256
1114.6	7258
1179.3	7258
1167.2	7260
1185.7	7261
1043.4	7263
1052	7264
1106.5	7267
1071.5	7268
1158.1	7269
1004.2	7270
1198.5	7270
1174.1	7274
1078.2	7279
1097.7	7282
1107.7	7287
1053.8	7292
1113.1	7292
1020	7293
1194.7	7296
1126.8	7297
1175.6	7300
1006.1	7301
1001.8	7302
1163.1	7304
1000.7	7305
1175.9	7305
1139.3	7306
1085.5	7308
1038.6	7310
1174	7310
1052.3	7311
1134.6	7311
1012.1	7312
1153.2	7314
1076.6	7317
1171	7318
1014.8	7322
1097.4	7323
1086.6	7324
1043.4	7326
1056.3	7327
1004.3	7329
1102.6	7329
1069.9	7330
1082.7	7331
1136.7	7334
1060.6	7336
1192.6	7337
1017.4	7338
1096.5	7338
1093.4	7342
1182.5	7342
1064	7343
1048.1	7344
1152.1	7345
1017.3	7347
1163.8	7350
1023.3	7353
1166.6	7353
1103.1	7357
1113.1	7358
1142.1	7359
1054.2	7360
1108.6	7363
1071.6	7367
1165	7368
1039.4	7370
1191.9	7374
1075.2	7378
1119.5	7379
1127.7	7380
1078	7382
1136.1	7383
1154.7	7384
1161.9	7385
1027.3	7386
1000.6	7387
1153.5	7388
1097.7	7389
1102.4	7390
1033.8	7391
1165.9	7392
1053.6	7394
1143	7394
1036	7396
1008.9	7397
1197.1	7397
1145.7	7400
1084.1	7405
1139.7	7406
1071.8	7407
1081.6	7408
1063.6	7410
1056.5	7412
1150.7	7412
1103.3	7413
1127.9	7414
1075.9	7415
1146	7415
1054	7416
1185.6	7421
1057	7422
1134.5	7422
1013.1	7423
1137.9	7425
1053.8	7426
1091.5	7427
1148.6	7429
1008.6	7430
1143	7431
1000.3	7433
1106.3	7433
1048.7	7435
1152.6	7435
1109.5	7436
1057.2	7438
1164.8	7439
1113.7	7441
1058.9	7444
1089.3	7450
1144.7	7453
1126	7455
1134.1	7456
1009.4	7457
1060	7458
1162.6	7459
1184.5	7462
1057.7	7463
1108.3	7464
1072	7467
1000.5	7468
1196.3	7469
1154.7	7470
1085.3	7474
1007.5	7478
1037.2	7479
1117.1	7480
1133.3	7481
1051.7	7483
1140.4	7483
1121.2	7485
1075.3	7486
1150.4	7486
1167	7487
1008.4	7489
1117.3	7490
1150.1	7493
1139.5	7494
1121.4	7498
1042.2	7504
1115.1	7504
1174.8	7507
1025.4	7509
1055.5	7510
1022.1	7513
1182.6	7515
1049.3	7517
1172.9	7517
1038	7518
1165.9	7520
1037.8	7521
1022.1	7522
1117.4	7523
1174.2	7525
1036.9	7529
1012.7	7530
1169.7	7530
1048.8	7531
1122.2	7533
1141	7534
1004.9	7536
1056.2	7538
1194.9	7539
1067.3	7541
1164.2	7542
1112.6	7547
1176.1	7548
1029.7	7549
1148.4	7550
1030.4	7552
1125.4	7552
1084.9	7553
1090.3	7556
1072.5	7559
1034.8	7560
1132.5	7560
1044.7	7561
1139.7	7561
1108.5	7562
1152.9	7566
1155.7	7567
1056.6	7571
1154.4	7573
1060.4	7574
1154.5	7574
1019.4	7577
1121.3	7578
1191.9	7580
1037.8	7581
1198.8	7581
1015.6	7583
1135.8	7583
1111	7585
1112.9	7586
1067.6	7588
1145.1	7588
1025.3	7589
1099	7589
1146.2	7591
1049.4	7592
1177.6	7592
1183.7	7593
1148	7594
1070.4	7596
1100.4	7597
1183.6	7601
1097.8	7603
1191.4	7603
1080.8	7604
1013.3	7607
1019.2	7608
1009.3	7609
1135.7	7610
1175.9	7612
1025.1	7615
1196	7615
1024.6	7618
1177.3	7618
1185.6	7619
1053	7620
1087.6	7621
1173.7	7622
1038.9	7623
1165.7	7624
1163.6	7625
1043.3	7626
1005.4	7627
1131.5	7628
1130.3	7629
1081.5	7630
1051.4	7631
1078	7634
1145	7635
1040	7636
1078.1	7643
1134.9	7645
1169.9	7646
1127.9	7647
1019.4	7648
1122.3	7651
1100.1	7655
1015	7656
1074.3	7657
1088.5	7659
1173.8	7661
1196.1	7662
1164.9	7664
1141.9	7665
1135.6	7666
1088.8	7667
1113.2	7668
1133.7	7669
1026.5	7671
1156.4	7672
1026.8	7674
1199	7674
1178.2	7675
1077.3	7680
1178	7682
1132.5	7685
1045.1	7687
1173.9	7688
1014.2	7690
1110.8	7690
1082.7	7692
1166	7692
1068.9	7695
1184.2	7695
1094.2	7696
1189.4	7696
1079.3	7698
1172.9	7699
1027.5	7700
1042.6	7701
1159.9	7701
1048.8	7702
1090.4	7703
1085.5	7706
1187.2	7707
1053.7	7708
1129	7709
1188.7	7709
1114.7	7712
1199.4	7712
1085.7	7713
1188.7	7714
1059.3	7715
1144.6	7716
1050.1	7717
1119.6	7719
1039.5	7722
1111.3	7722
1034.6	7724
1168.5	7725
1163.9	7727
1129.3	7730
1033.9	7732
1162	7735
1077.3	7736
1105.1	7737
1194.8	7737
1117.9	7738
1147.6	7739
1016	7740
1011	7741
1170.7	7741
1017.8	7743
1054.4	7744
1169.8	7744
1026.4	7746
1151.4	7746
1068.5	7749
1049.5	7751
1016.2	7754
1186.3	7756
1191.3	7758
1115	7759
1085.2	7760
1024.2	7761
1112.7	7761
1197	7761
1104.6	7764
1067	7766
1141.7	7767
1095.9	7769
1064.4	7770
1142.2	7771
1193.5	7772
1114.4	7774
1134.4	7776
1019.6	7778
1032.3	7779
1151.1	7779
1095.9	7780
1121.2	7781
1018.1	7784
1128.1	7784
1072.8	7787
1163.4	7789
1161.7	7791
1131.1	7792
1172.5	7794
1014.5	7795
1055.1	7796
1142.6	7797
1186.3	7799
1072.1	7800
1152.2	7801
1147.5	7803
1122.8	7804
1114.5	7805
1143.1	7807
1013.9	7810
1086.2	7810
1164.8	7811
1184.9	7812
1069.1	7815
1032.3	7816
1179	7816
1140.5	7818
1034.3	7824
1138.7	7827
1007.3	7828
1127.6	7828
1196.1	7829
1088.6	7830
1142	7831
1029.5	7833
1152.8	7834
1192.6	7835
1023.3	7837
1141.6	7838
1114.8	7843
1048.6	7844
1140.1	7848
1098.6	7849
1163.9	7850
1122.7	7852
1084.4	7853
1138	7855
1150.6	7857
1047.2	7858
1057.4	7860
1149.8	7860
1074.4	7862
1099.4	7867
1108.3	7873
1125.6	7876
1093.6	7878
1199.1	7878
1036.3	7881
1171.5	7881
1082.8	7882
1173.9	7883
1039.7	7885
1130.6	7886
1031.4	7888
1104.1	7888
1066.3	7889
1169.1	7889
1161.1	7890
1185.7	7891
1153.7	7892
1025.1	7893
1119.2	7893
1043.3	7896
1167.3	7896
1026.1	7899
1141.2	7900
1145.8	7904
1165.5	7905
1044.9	7906
1173.5	7907
1044.7	7908
1158.7	7909
1076.3	7910
1010	7911
1051.5	7917
1066.2	7920
1138.9	7920
1023.9	7922
1018.7	7923
1117.8	7923
1198.9	7926
1074.1	7927
1140.1	7929
1142.6	7931
1067.4	7932
1186.8	7932
1040.2	7933
1061.9	7934
1162.4	7934
1053.3	7935
1053.7	7936
1023.7	7939
1176.7	7939
1043.9	7940
1147.7	7940
1087.8	7941
1193.7	7943
1193.9	7944
1131.7	7945
1105.6	7946
1025.5	7947
1083.3	7951
1017.2	7952
1094.3	7953
1062.9	7954
1089	7956
1191.4	7961
1036.3	7962
1043.4	7965
1016.4	7967
1103.3	7967
1025.9	7970
1127.7	7971
1095.4	7972
1167.8	7972
1021.2	7973
1179.6	7980
1159.3	7982
1017.8	7983
1185.6	7983
1145.3	7984
1077.1	7985
1178.2	7985
1006.1	7986
1196.4	7986
1035.3	7987
1080.9	7988
1108.3	7992
1080.1	7995
1101.4	7996
1083.6	7997
1144.1	7998
1185.7	8000
1047.7	8002
1052.2	8003
1140.3	8005
1095	8006
1125.6	8009
1006.9	8010
1147.9	8010
1104.2	8012
1050.4	8013
1083	8014
1014.8	8016
1004.6	8017
1112.3	8018
1083.1	8019
1114.4	8021
1152	8022
1000.2	8027
1130.2	8027
1025.9	8030
1160.5	8032
1049.5	8033
1131.1	8035
1022.1	8041
1005.7	8047
1091.9	8047
1109.5	8049
1139.7	8050
1082.6	8051
1175.3	8053
1199.8	8054
1077.1	8055
1173.5	8055
1094.4	8056
1110.2	8058
1082.7	8060
1029.2	8061
1115.7	8061
1118	8062
1053.2	8063
1159.8	8063
1093.5	8065
1032	8066
1005.9	8067
1010.8	8068
1119.7	8068
1062.9	8069
1177.2	8069
1020.6	8072
1095.8	8072
1029.8	8073
1170.5	8073
1142.2	8074
1073.7	8075
1023	8076
1040.7	8077
1194.6	8078
1000.6	8079
1017.1	8081
1091.2	8083
1185.2	8083
1098	8089
1071	8095
1132.5	8096
1029.5	8097
1107.1	8100
1104.7	8101
1032.2	8106
1129.5	8108
1008.3	8110
1081.7	8111
1162.4	8111
1199.4	8113
1154.7	8115
1018.6	8116
1128.8	8117
1173.5	8118
1084.1	8119
1173.1	8121
1131	8122
1176.1	8124
1024	8125
1138.8	8125
1156.1	8128
1034.6	8129
1175	8130
1136.1	8131
1113.4	8135
1169.9	8137
1096.2	8144
1054.1	8145
1089.4	8148
1146.2	8148
1096.2	8149
1194.9	8149
1093.4	8153
1169.5	8155
1020.8	8156
1190.3	8156
1021	8157
1019.2	8158
1141.8	8161
1089.7	8162
1003.2	8163
1113.2	8163
1030.9	8164
1114	8164
1165	8165
1097.2	8168
1032.6	8171
1125.8	8172
1089	8173
1019.6	8174
1019.9	8175
1097.3	8177
1033.6	8179
1172.6	8180
1193.1	8182
1041.3	8184
1069.6	8186
1014.5	8188
1117.7	8189
1096.5	8190
1054.2	8191
1193.4	8193
1062.2	8195
1041	8196
1114.4	8201
1041.8	8204
1064.8	8207
1124.2	8209
1133.3	8211
1131.8	8214
1099.3	8215
1191	8215
1178.4	8219
1179	8220
1072.7	8222
1182.8	8225
1045.3	8226
1042.9	8227
1133.9	8227
1009.5	8229
1111	8229
1121.6	8231
1111.6	8233
1186.5	8233
1189.8	8234
1088.6	8235
1185.8	8238
1098.3	8239
1189	8240
1116.6	8241
1089.2	8242
1013.4	8245
1027.5	8247
1000.8	8248
1034	8250
1155.1	8251
1161.3	8252
1019.8	8253
1176	8253
1010.3	8254
1150.1	8255
1024.9	8258
1036.3	8259
1107.7	8259
1036	8260
1079.9	8264
1198.9	8264
1090.1	8266
1111.3	8267
1104.1	8268
1032.5	8269
1051	8270
1184	8270
1074.5	8272
1118	8275
1009.2	8277
1148.3	8277
1156.2	8278
1050.1	8279
1165.3	8281
1199.4	8284
1057.7	8287
1193.9	8287
1005.8	8288
1113.2	8288
1163.3	8289
1091.1	8290
1199.7	8292
1040	8293
1109.2	8298
1115.6	8300
1186.9	8303
1139.6	8304
1069.8	8305
1162.3	8307
1064.8	8308
1125.3	8309
1030.9	8310
1169.7	8313
1022.3	8315
1032.8	8317
1124.8	8317
1136	8318
1043.3	8320
1187	8320
1071.1	8322
1029	8323
1061.9	8325
1182.4	8325
1049.1	8327
1107.8	8327
1085.8	8330
1056.1	8332
1025.1	8333
1008.4	8334
1112.7	8336
1078.8	8338
1139.1	8339
1013.7	8340
1038.2	8344
1178.6	8344
1051.2	8345
1021.1	8347
1067.6	8352
1079.3	8353
1038.3	8354
1027.5	8356
1039.9	8357
1182	8360
1121.5	8364
1113.6	8366
1158.3	8369
1051.7	8370
1001.8	8372
1155.2	8374
1052.2	8382
1022.9	8383
1003.8	8384
1167.1	8385
1085.4	8386
1161.9	8389
1074.7	8391
1133.4	8392
1058	8393
1029.4	8394
1144.2	8395
1025.2	8397
1183.2	8397
1138	8398
1114.9	8400
1026.4	8401
1169.3	8401
1166.8	8402
1030.7	8404
1158.2	8404
1181.7	8405
1007.2	8409
1164	8410
1041.9	8411
1051.9	8413
1059.4	8414
1042.4	8419
1134.2	8419
1022.8	8420
1048.7	8424
1139.7	8424
1118.3	8425
1098.4	8427
1058.9	8429
1170.4	8429
1019.8	8430
1043.9	8436
1181.1	8436
1147.3	8437
1171.1	8438
1046.1	8441
1169.9	8441
1035.8	8442
1160.9	8442
1047.6	8443
1150.6	8443
1087.8	8444
1098	8447
1037.4	8448
1102.1	8452
1047.3	8454
1172.6	8454
1080.9	8458
1114.4	8459
1019.6	8460
1133.9	8460
1038.8	8463
1146.7	8467
1127.9	8469
1085.3	8470
1179.2	8473
1055.4	8475
1019.2	8476
1135.4	8477
1033.7	8478
1183.3	8478
1030.4	8480
1124.6	8480
1106	8481
1058.2	8484
1028.6	8486
1108.2	8486
1168.5	8487
1171.1	8488
1196.3	8490
1062.2	8491
1087.5	8493
1183	8493
1119.1	8494
1069.2	8495
1179.6	8495
1105.7	8498
1006.5	8499
1009.4	8504
1165.9	8504
1023.1	8505
1060.9	8506
1147.7	8506
1108.5	8507
1184.9	8510
1058.1	8511
1178	8512
1156	8513
1193.1	8515
1131	8516
1034.7	8519
1158.7	8519
1030.5	8521
1115.4	8521
1061.4	8522
1161.8	8522
1094.7	8523
1134	8524
1105.7	8526
1046.7	8527
1070	8529
1150.3	8530
1169	8531
1005.7	8532
1123.3	8532
1120.9	8534
1082.3	8537
1096.5	8539
1042.6	8540
1013	8542
1168.3	8542
1195.6	8543
1112.6	8544
1031.8	8546
1124.1	8548
1069.9	8550
1011.5	8555
1116.4	8556
1011.4	8557
1044.7	8558
1048.9	8563
1005	8564
1155.1	8564
1154.1	8565
1087.6	8566
1157	8566
1042.7	8567
1179.5	8567
1010.2	8568
1086.1	8569
1015.1	8572
1199.5	8573
1177.2	8575
1049.2	8576
1137.9	8576
1199.1	8578
1088.4	8579
1062.9	8581
1183.7	8583
1085.8	8586
1062.7	8588
1124.2	8591
1031.4	8592
1174.3	8593
1160.9	8594
1139	8595
1085.5	8598
1052.3	8599
1145.7	8599
1198	8600
1107.2	8601
1178.1	8603
1131.8	8606
1063.7	8607
1032.2	8609
1092.6	8610
1158.2	8611
1040	8612
1127.6	8612
1191.3	8614
1058.5	8615
1030.6	8616
1086	8617
1155.6	8618
1140.8	8619
1050.7	8621
1181.3	8622
1104.3	8627
1176.1	8630
1189.4	8632
1051	8633
1000.9	8634
1043.2	8635
1180.9	8635
1107.9	8636
1030.7	8637
1169.5	8638
1048.5	8639
1118.8	8639
1092.5	8640
1196.8	8640
1119.2	8644
1019.3	8645
1025.1	8647
1076.7	8648
1134	8650
1136.7	8652
1019.2	8654
1047.1	8656
1013.7	8657
1146.8	8657
1173.2	8658
1021.6	8659
1095	8661
1127.5	8663
1083.1	8664
1143.9	8666
1022.2	8668
1181.7	8671
1152	8672
1117.8	8673
1110.7	8676
1198.7	8676
1041.4	8677
1126.4	8680
1052.3	8681
1159.8	8681
1076.8	8683
1114.5	8684
1049.2	8685
1075.2	8686
1126.7	8687
1013.3	8688
1174.1	8688
1005.9	8689
1035.5	8691
1170.1	8691
1090.8	8693
1017.2	8696
1036.1	8699
1033.9	8700
1144.2	8700
1024.2	8701
1117.9	8705
1026.6	8706
1058.9	8707
1134.2	8708
1188.9	8709
1032.3	8710
1196.3	8711
1091.6	8713
1047.9	8714
1163.1	8716
1195.7	8717
1160.4	8719
1059.8	8720
1184.7	8721
1129.2	8722
1089	8723
1119.8	8725
1086.6	8729
1013.6	8730
1124.4	8730
1047.2	8731
1107.5	8733
1136.8	8735
1107.7	8736
1102.5	8737
1144.9	8738
1032.6	8739
1068.4	8742
1049.5	8744
1116.5	8744
1155.4	8745
1010.6	8747
1139.1	8747
1192.3	8748
1086.5	8751
1168.3	8752
1055.8	8753
1103.3	8757
1082.4	8758
1058	8759
1178.3	8759
1067.4	8760
1086.2	8761
1041.3	8762
1130.1	8763
1187.4	8766
1172.2	8767
1020.1	8768
1132.8	8772
1103.6	8774
1107	8775
1053.5	8777
1079.5	8778
1137.7	8780
1075	8781
1119.1	8782
1112.6	8783
1038.5	8785
1161.1	8786
1139.1	8788
1077.9	8790
1013.1	8791
1004.6	8794
1190	8794
1062.8	8795
1185.6	8795
1168.9	8796
1004.9	8797
1059	8798
1152.9	8798
1108.7	8799
1072.6	8800
1139	8801
1119.6	8802
1098.2	8804
1103.4	8806
1089	8807
1173.3	8810
1124.9	8812
1127.3	8813
1178.7	8814
1038.1	8815
1174.7	8815
1088.3	8816
1009.6	8817
1183.7	8817
1173.1	8819
1010.2	8820
1116.4	8822
1191.9	8823
1128.8	8824
1050.8	8826
1109.3	8827
1125.1	8828
1010.7	8830
1194	8830
1052.7	8834
1164.7	8834
1090.6	8835
1186.3	8835
1112.4	8836
1046.3	8837
1068.4	8838
1073	8841
1084.6	8845
1092.8	8852
1154.9	8853
1108.4	8856
1033.9	8858
1095.9	8859
1047.7	8861
1196.4	8861
1119.5	8864
1035.6	8866
1161	8867
1086.3	8869
1194.8	8870
1055.4	8871
1050.9	8873
1128.3	8879
1173.7	8880
1157.4	8881
1101.7	8884
1187.9	8884
1168.1	8885
1037.4	8890
1199.6	8890
1114.5	8891
1047.8	8892
1121.4	8894
1061	8895
1168.5	8896
1065	8897
1160.8	8898
1108.5	8899
1015.3	8900
1153	8900
1145.4	8901
1124.1	8903
1045.4	8904
1112.4	8905
1107.6	8906
1191.8	8906
1044.8	8908
1158.8	8910
1136.5	8911
1061.4	8912
1197.5	8912
1125.9	8913
1067.7	8914
1112.3	8918
1188	8921
1155.2	8922
1050.5	8925
1102.4	8927
1007.5	8929
1095.4	8929
1137.6	8930
1097.1	8934
1080.5	8939
1046.7	8941
1155.5	8941
1119.3	8945
1039	8946
1125.7	8946
1141.4	8947
1127.2	8948
1020	8951
1053.3	8952
1186.5	8952
1149.8	8955
1130.7	8957
1001.2	8960
1188.5	8960
1121.6	8962
1153.7	8963
1047.5	8965
1187.8	8965
1124	8966
1039.1	8967
1028.8	8968
1000	8970
1065.6	8971
1177.3	8972
1027.5	8973
1099.1	8973
1062.1	8977
1124.5	8978
1082.3	8980
1031.7	8981
1098.2	8982
1020.1	8983
1115.9	8984
1102.3	8986
1191.8	8987
1121.1	8992
1075.5	8993
1177.7	8993
1184.2	8994
1012.3	8999
1149.2	9000
1125.7	9001
1007.8	9002
1012.6	9003
1055.1	9005
1050.6	9006
1001	9012
1115.4	9014
1114.2	9015
1042.9	9018
1174.2	9019
1010	9023
1143.8	9023
1178	9024
1084.2	9027
1142.3	9028
1086.2	9029
1060.3	9032
1167	9034
1025.6	9037
1180.1	9037
1111.6	9038
1003.1	9039
1151.4	9039
1181.7	9040
1093.8	9042
1113.2	9044
1107.6	9045
1194.8	9046
1004.8	9047
1122.5	9047
1083.1	9049
1166.8	9050
1006.7	9052
1188.1	9052
1137.2	9055
1053.1	9056
1002.9	9057
1084.5	9057
1087.3	9058
1195.9	9061
1034.5	9062
1006.1	9065
1105.7	9065
1116.5	9076
1064.1	9078
1091.7	9079
1173.5	9079
1094.9	9080
1097.7	9081
1145.1	9082
1151.8	9084
1027.3	9085
1095.1	9086
1098.8	9088
1051.1	9089
1118.7	9090
1163.2	9091
1070.1	9093
1183.7	9097
1079.8	9098
1074.5	9104
1068.3	9106
1179.8	9107
1186.3	9108
1008.4	9109
1149.6	9110
1089.3	9111
1195.7	9112
1180.5	9114
1170.4	9116
1057	9117
1126.2	9117
1042.8	9120
1127.1	9120
1116.3	9122
1016.4	9123
1180.5	9124
1012	9125
1058.6	9126
1161.1	9126
1023.1	9128
1007.2	9131
1179.2	9131
1087.9	9135
1051.5	9136
1136.8	9137
1129.3	9139
1016.5	9142
1169.6	9143
1109.4	9144
1117.6	9145
1079.7	9147
1196.1	9147
1102.3	9148
1176.3	9150
1123.1	9151
1028.8	9155
1077.4	9156
1180	9157
1073.2	9160
1195.7	9160
1155.6	9161
1010.5	9162
1123.8	9163
1016.7	9164
1175.9	9164
1069.2	9166
1170.4	9166
1017.4	9167
1126.1	9167
1118.9	9168
1045.9	9171
1169.3	9171
1105.1	9173
1165.6	9173
1096.8	9177
1177.5	9178
1073	9181
1065.2	9182
1187.5	9183
1086.2	9184
1045.7	9185
1172.2	9185
1027.1	9186
1010.7	9188
1037.5	9189
1148.6	9190
1101.3	9192
1035.6	9194
1169.7	9194
1073.5	9196
1128.8	9200
1078.1	9203
1023.2	9204
1153.9	9205
1097.1	9206
1192.8	9206
1065.8	9210
1182.4	9211
1143.5	9212
1150.6	9213
1023.3	9214
1079.1	9216
1084.7	9217
1127.2	9225
1108.2	9227
1192	9227
1083.9	9228
1151.4	9228
1093.8	9230
1091.3	9231
1171.5	9232
1185.7	9236
1090.2	9237
1176.5	9237
1018.5	9238
1182.6	9238
1178.9	9240
1046.3	9242
1119.9	9242
1074.5	9243
1188.8	9243
1056.9	9244
1166.7	9244
1183.5	9247
1064.5	9248
1007.8	9251
1025.8	9252
1131.9	9252
1002.7	9253
1123.9	9255
1194	9257
1038.4	9258
1154.8	9259
1193.7	9261
1112.2	9264
1176.1	9267
1142.7	9270
1083.4	9271
1045.2	9272
1144.1	9272
1036.6	9273
1140.1	9276
1164.7	9277
1119.9	9278
1152.7	9279
1014.9	9281
1093	9283
1081.2	9284
1014.6	9285
1193.6	9286
1008.4	9290
1149	9294
1198.3	9299
1114.3	9300
1188.5	9304
1003.5	9305
1165.5	9305
1044.6	9307
1079.1	9308
1007.9	9309
1199.7	9309
1188.3	9310
1063.9	9312
1101.5	9314
1032.9	9315
1028.4	9317
1026.6	9320
1036.5	9322
1008.1	9324
1085.6	9324
1086.4	9326
1110.1	9329
1052.3	9333
1076.2	9335
1059.4	9337
1009.8	9339
1124.4	9340
1171.9	9341
1111.5	9342
1053.7	9343
1007.2	9347
1162.3	9348
1004.6	9349
1129.1	9349
1057.8	9350
1163.7	9353
1159.9	9354
1041.8	9355
1155.7	9355
1150.6	9358
1019.7	9360
1181	9360
1021.1	9361
1125.5	9362
1119.9	9364
1175.4	9364
1193.2	9365
1091	9366
1180.2	9367
1158.6	9370
1113.3	9371
1038.2	9372
1056.7	9376
1130.6	9377
1193.4	9377
1033.2	9378
1175	9378
1064.6	9380
1025.3	9382
1183.3	9383
1136.6	9386
1141.4	9387
1107.4	9388
1199.6	9388
1153.2	9389
1060.3	9390
1192.4	9392
1057.2	9393
1148	9395
1014.3	9396
1012.3	9398
1110.5	9399
1053.9	9404
1177.5	9404
1112.3	9405
1189.3	9405
1124.3	9406
1125.3	9408
1083.1	9409
1025.7	9413
1094.7	9415
1009	9417
1129.4	9421
1056	9422
1015.6	9423
1054.2	9426
1127.8	9429
1006.3	9433
1082.9	9433
1013.3	9434
1049.7	9435
1125.8	9435
1049.5	9436
1010.6	9437
1162	9440
1112.4	9441
1169.4	9442
1167.1	9444
1171.7	9448
1131	9450
1083.4	9451
1087.5	9452
1021.5	9455
1124.3	9455
1115.3	9456
1028.6	9457
1093.3	9458
1195.4	9458
1115.6	9459
1053.7	9460
1105.2	9463
1014.6	9464
1164.2	9464
1162	9465
1030.1	9466
1147	9468
1118.6	9469
1061.2	9470
1169.8	9472
1045.5	9475
1156	9475
1063.5	9476
1090.3	9479
1058.3	9480
1107.3	9482
1156.7	9482
1040.2	9484
1017.9	9485
1070.6	9488
1053.2	9491
1175.3	9491
1101.4	9493
1115.4	9494
1020.2	9496
1101.1	9496
1100.9	9497
1115.1	9498
1100.6	9500
1092.7	9502
1085	9503
1040	9504
1019.4	9505
1096.2	9505
1051.3	9506
1006.1	9513
1058.3	9514
1081	9515
1009.4	9518
1170.2	9518
1195.8	9520
1059	9521
1132.2	9523
1198.3	9525
1034.9	9526
1129.6	9527
1127.3	9535
1085.3	9536
1191.5	9536
1107.1	9537
1187.2	9539
1029.8	9540
1099.9	9540
1200	9540
1084.6	9541
1134.5	9542
1098.2	9545
1198.7	9546
1079.8	9547
1033.9	9550
1183.3	9550
1178.6	9551
1129	9552
1195.5	9552
1074.3	9554
1143.4	9555
1073.2	9556
1183.1	9558
1090.9	9560
1146.3	9567
1092.7	9569
1189.5	9572
1019.7	9574
1134.8	9574
1028.2	9575
1076.1	9576
1149.3	9579
1080.8	9580
1053.5	9581
1045.5	9582
1121.8	9582
1086.4	9586
1050.5	9587
1194.5	9589
1083.4	9590
1187	9591
1145.3	9595
1095.2	9596
1136.9	9599
1081	9600
1101.5	9605
1185.9	9607
1067.3	9608
1004.7	9609
1092.3	9610
1179.1	9617
1001.3	9620
1017.3	9622
1010.3	9623
1074.2	9625
1000.6	9629
1072.7	9629
1000	9630
1169.5	9630
1160.6	9631
1081.6	9632
1113.3	9633
1140.3	9634
1090.6	9635
1057.3	9637
1109.7	9637
1027	9639
1102.1	9640
1148.5	9644
1127.8	9645
1161.9	9648
1033	9650
1149.8	9650
1078.7	9651
1178.5	9651
1104	9652
1063.9	9653
1052.5	9657
1191.8	9658
1138.4	9659
1052.8	9660
1155.6	9661
1016	9662
1115.1	9663
1145.8	9665
1153.3	9666
1038.3	9667
1189.6	9668
1082.2	9671
1030.6	9672
1189.2	9674
1105.2	9676
1109.7	9677
1078.2	9678
1106.7	9680
1001.8	9681
1015.3	9683
1004.5	9686
1137.9	9687
1041.9	9690
1113.8	9695
1016.7	9696
1032.3	9697
1200	9698
1037.7	9701
1091.5	9702
1145.4	9703
1043.4	9706
1061.6	9707
1134.9	9707
1107.3	9712
1191.3	9713
1106.6	9716
1067.4	9717
1111	9718
1160.4	9719
1032.9	9720
1140	9720
1128.5	9721
1060.2	9724
1133.5	9729
1191.9	9731
1171.5	9737
1176.7	9738
1043.6	9740
1175.2	9741
1170	9742
1040.2	9743
1168.9	9743
1042.1	9745
1009.9	9746
1174.8	9746
1136.3	9747
1047.4	9748
1073.9	9749
1181.4	9750
1073.4	9751
1008.4	9753
1166.8	9753
1036.7	9754
1174	9754
1012.6	9755
1110.1	9755
1092.5	9756
1128.7	9761
1101	9762
1070.9	9763
1165.8	9765
1130.6	9766
1107.9	9768
1126.6	9769
1056.1	9774
1176.9	9777
1108.6	9778
1067.1	9781
1089.5	9783
1189.1	9783
1190.2	9784
1136.3	9785
1052.3	9787
1147.9	9788
1143.9	9789
1170.5	9790
1120.4	9791
1040	9793
1187.8	9793
1078.4	9798
1181.3	9799
1059.6	9803
1182.7	9805
1023.7	9806
1185.4	9806
1093.1	9808
1196.1	9808
1146.6	9809
1193.9	9810
1113.3	9811
1102.3	9812
1164.4	9813
1011	9818
1026.5	9819
1102.4	9819
1078.7	9820
1031.2	9821
1175.8	9821
1098.5	9822
1027	9823
1186.9	9823
1033	9824
1160.1	9827
1067.7	9829
1002	9830
1132.4	9831
1029.8	9833
1145.7	9835
1024.4	9836
1006.2	9837
1088	9837
1050.3	9839
1164.6	9839
1130.9	9840
1149.1	9841
1129.3	9846
1062.4	9849
1081.7	9851
1174.9	9851
1164.3	9856
1174.9	9859
1093.1	9860
1153.3	9861
1134.3	9862
1166.3	9865
1049.9	9866
1059.1	9868
1002.5	9870
1111.2	9870
1112.5	9872
1156.1	9875
1036.1	9876
1172.3	9878
1194.1	9879
1129.6	9880
1033.8	9881
1122.2	9882
1073.3	9884
1119.2	9884
1104.3	9885
1171.2	9886
1021.5	9887
1138.4	9889
1190.9	9891
1096.4	9892
1136.4	9902
1134.9	9904
1034.4	9905
1079.8	9906
1092.9	9911
1030.7	9912
1170.6	9912
1091.3	9913
1031.6	9914
1181.7	9914
1133.7	9916
1171.2	9917
1022.7	9918
1144	9918
1026.1	9919
1046.3	9921
1136.9	9921
1051.1	9925
1090.9	9929
1081.6	9930
1145.7	9932
1052.2	9935
1013.7	9937
1132.9	9938
1029.2	9941
1002.8	9943
1085.7	9943
1071.3	9945
1075.7	9947
1053.3	9949
1028.9	9950
1037.4	9951
1198.9	9955
1002.5	9956
1104.7	9956
1040.5	9958
1141.5	9958
1020.6	9963
1040.3	9965
1064.6	9967
1161.6	9967
1168.5	9968
1108.3	9969
1198.1	9971
1100.6	9972
1062.8	9973
1093.6	9974
1037.2	9976
1074.7	9978
1148.1	9980
1120.8	9981
1179.8	9984
1197.6	9986
1048.4	9987
1001.6	9989
1069.7	9990
1177.7	9991
1131	9994
1134.5	9997
1070.5	9998
1092.3	10001
1198.9	10002
1054.6	10003
1041.6	10004
1022.4	10008
1063.4	10009
1199.4	10009
1157.7	10012
1075.3	10014
1186.2	10015
1183.6	10017
1008.6	10018
1117.5	10019
1034.9	10021
1014.2	10024
1192.3	10025
1009.3	10026
1094	10028
1089.1	10029
1165.7	10032
1003.1	10033
1123.7	10035
1084.5	10036
1184.1	10036
1093	10038
1070	10040
1148.1	10040
1109.6	10041
1188	10042
1105.9	10046
1111	10048
1140	10050
1019.6	10053
1184.1	10055
1053.3	10056
1063.9	10057
1125.1	10057
1053.7	10058
1015.8	10059
1075.8	10061
1102.8	10063
1144.3	10064
1030.2	10065
1087	10066
1022.2	10069
1008.1	10073
1097.1	10076
1011.1	10077
1132.3	10078
1034.1	10080
1189.8	10081
1027.8	10082
1107.3	10083
1149.9	10084
1038	10085
1145.6	10085
1081.3	10086
1170	10086
1157.5	10088
1160.9	10090
1052.7	10091
1149.4	10091
1034.1	10092
1040.2	10096
1008.2	10099
1157.9	10099
1013.1	10100
1090.1	10100
1013.1	10102
1117.2	10103
1070.1	10104
1127.2	10106
1077.8	10107
1050.5	10110
1134.2	10110
1055.1	10114
1121.6	10114
1038.7	10119
1004.3	10120
1104.1	10126
1097.1	10127
1112	10128
1079.2	10131
1053.3	10135
1054.1	10136
1123.8	10139
1164.7	10142
1164.9	10144
1026.8	10148
1170.8	10148
1053.3	10150
1195.8	10150
1033.4	10151
1045.5	10152
1184.5	10152
1107.8	10153
1112.2	10154
1049.3	10156
1110.5	10159
1063.9	10161
1059.4	10162
1017.8	10164
1023	10166
1070.6	10167
1049	10168
1180.6	10168
1092	10170
1080.9	10171
1186.6	10173
1005.5	10174
1184.2	10176
1035.1	10178
1183.3	10178
1048.5	10180
1079.4	10181
1080.8	10183
1110.2	10188
1067.7	10190
1134.1	10191
1156.4	10193
1180.9	10194
1045.1	10195
1175.1	10196
1062.9	10197
1125.6	10198
1186.2	10199
1035.5	10200
1002.4	10201
1086.1	10201
1168.1	10203
1097.7	10204
1070.7	10207
1060.7	10208
1143.7	10208
1039.9	10210
1162.7	10210
1081.2	10213
1142	10214
1191.6	10217
1050.6	10218
1178.3	10219
1113.2	10220
1146	10221
1087.7	10222
1190.7	10224
1150.8	10225
1101.1	10226
1106	10228
1118.7	10229
1039.4	10230
1031.4	10231
1063.8	10232
1134.7	10232
1071	10235
1120.1	10236
1135.3	10238
1000.8	10239
1103.1	10239
1023	10240
1053.4	10243
1060.8	10244
1032.1	10246
1114.5	10247
1147.4	10250
1053.4	10253
1031.8	10255
1023.8	10257
1092.8	10259
1093.3	10264
1084.4	10266
1042.9	10268
1155.4	10268
1108.2	10269
1185.5	10269
1092.3	10270
1034.5	10271
1187.5	10271
1180.4	10272
1189.8	10277
1104	10278
1065.4	10280
1170.8	10280
1000.6	10283
1111.9	10284
1097.7	10285
1140.2	10286
1172.8	10287
1076.9	10288
1160.6	10289
1158.3	10290
1106.1	10292
1004.4	10300
1089.1	10301
1028	10304
1003.2	10305
1187	10305
1125.5	10307
1170	10309
1155	10311
1036.7	10313
1152.2	10314
1001.6	10315
1005	10316
1149.8	10316
1117.4	10318
1186	10319
1081.1	10320
1015.3	10322
1098.5	10323
1016.6	10324
1162.1	10325
1027.7	10326
1143.8	10326
1178.5	10327
1102.8	10332
1190.1	10334
1103.5	10337
1124.7	10338
1070.9	10339
1081.4	10343
1004.6	10344
1000	10346
1089	10346
1077.3	10349
1166.9	10349
1126.8	10351
1199.1	10352
1005.8	10355
1034	10356
1156.8	10356
1077.7	10359
1012.4	10362
1145.4	10362
1115.8	10363
1005.8	10364
1165.1	10366
1063.3	10367
1178.5	10367
1082.8	10369
1049.9	10374
1147.3	10375
1092.5	10376
1045	10377
1084.9	10379
1038.4	10380
1093	10380
1082.3	10381
1124.8	10382
1016.2	10383
1136.2	10384
1132	10390
1022.8	10391
1180.7	10391
1034.6	10393
1186.8	10393
1053.4	10394
1098.6	10395
1167.6	10396
1138.6	10397
1113.1	10400
1045.3	10401
1084.3	10402
1125.8	10404
1003.2	10407
1127.9	10409
1164.9	10410
1192.2	10412
1152.5	10413
1081.5	10415
1162.1	10415
1142.4	10416
1195.4	10417
1193.8	10418
1183	10421
1191.2	10424
1122.8	10428
1042	10429
1111.7	10430
1147.4	10432
1043.3	10435
1163.6	10436
1080.5	10437
1199.4	10438
1012.1	10439
1103.9	10440
1084.4	10441
1044.2	10443
1030.8	10445
1087	10454
1025.9	10456
1058.2	10457
1194.4	10458
1185.8	10460
1074.4	10463
1182.6	10465
1105.2	10467
1102.2	10468
1080.6	10469
1163	10470
1178.7	10471
1016.1	10473
1083.2	10474
1121.3	10476
1030.5	10478
1133	10480
1002.1	10482
1146.2	10486
1131.6	10487
1058.8	10490
1164.2	10491
1151.3	10492
1071.5	10499
1058	10501
1191.6	10507
1021.6	10509
1045.8	10511
1098.5	10512
1083.3	10513
1090.6	10520
1191.2	10521
1110.8	10522
1024	10529
1018.3	10530
1059.2	10531
1161.6	10531
1032.1	10534
1182.1	10535
1175.4	10536
1055.9	10537
1176.1	10538
1018.6	10539
1017.1	10541
1065.4	10542
1129.6	10544
1032.4	10545
1010	10546
1010.3	10549
1182.2	10549
1068.2	10553
1028.5	10559
1165.8	10559
1020.2	10560
1192.4	10563
1035.8	10564
1153.5	10564
1094.4	10565
1138.5	10566
1002.5	10567
1165.7	10567
1066.9	10570
1055.1	10572
1162.9	10572
1031.1	10576
1097.5	10577
1160.8	10579
1135.1	10581
1145.1	10582
1197.6	10583
1097.4	10584
1063.6	10585
1177.8	10585
1082	10589
1156.7	10589
1094.8	10593
1085.9	10595
1099.3	10596
1149	10597
1143.6	10598
1130.8	10599
1002.1	10600
1083.1	10601
1134.1	10604
1169.8	10605
1091.6	10608
1169.9	10610
1051.4	10613
1034.5	10614
1039.7	10615
1134.4	10615
1006.9	10617
1137.2	10617
1182.6	10618
1008.6	10624
1173.7	10624
1159.2	10625
1051.2	10627
1085.7	10629
1182.9	10630
1114.2	10631
1049	10632
1096.7	10634
1122.6	10636
1122.1	10638
1055.1	10639
1121.7	10639
1127.7	10640
1191.7	10641
1000	10644
1096.9	10644
1168.9	10648
1054.6	10650
1162.4	10652
1132	10653
1165.6	10654
1026.5	10655
1152.5	10659
1092.2	10660
1023.5	10661
1180.6	10663
1003.8	10664
1104.2	10668
1000.1	10670
1040.9	10671
1087	10672
1021	10676
1081.9	10677
1007.5	10680
1057.6	10682
1129.3	10685
1053.2	10686
1165	10688
1072.7	10690
1161	10691
1189.7	10692
1188.2	10693
1076.6	10694
1079.9	10697
1086.3	10700
1000.9	10703
1145.1	10703
1184.1	10709
1106.5	10710
1120.8	10712
1128.4	10713
1130.8	10717
1046.3	10718
1032.8	10720
1125.7	10720
1041.6	10721
1018.7	10722
1148.7	10722
1174.2	10723
1166.2	10724
1169.1	10725
1007.1	10731
1046.8	10732
1073	10733
1085.5	10739
1048.5	10741
1161.8	10742
1189.8	10743
1035	10745
1053.5	10746
1185.5	10751
1064.4	10754
1195	10754
1171.9	10757
1077.6	10759
1057.2	10764
1054.4	10768
1117.4	10769
1126.5	10772
1122.4	10774
1069.7	10777
1181.2	10780
1082.5	10781
1174	10782
1197	10783
1145.7	10784
1004.7	10785
1021.7	10791
1101.6	10791
1052.4	10792
1005.4	10794
1131.1	10795
1173.8	10796
1010	10797
1114.3	10804
1064.9	10806
1156.9	10813
1114.6	10814
1121.5	10820
1107.1	10822
1153.2	10825
1101.5	10827
1134.2	10830
1038.2	10834
1069.8	10836
1026.6	10843
1100.2	10843
1138.8	10844
1182.1	10845
1049	10847
1175.6	10852
1042.3	10853
1051.5	10857
1056.1	10859
1137.2	10861
1023.2	10862
1141.8	10863
1012.9	10866
1166.9	10866
1138.9	10868
1175.6	10870
1111.8	10871
1172.3	10873
1036.5	10874
1058.6	10875
1196	10875
1050.5	10883
1177.2	10883
1056	10884
1171.9	10885
1015.9	10886
1115.6	10886
1000	10888
1148.7	10888
1014.1	10890
1150.4	10894
1197	10899
1008	10900
1196.9	10901
1179.8	10902
1143.6	10903
1020.6	10905
1147.9	10905
1145.8	10907
1037	10908
1118.3	10909
1186.9	10911
1120.9	10913
1058.3	10914
1016.9	10918
1198.2	10923
1169.1	10924
1005.9	10927
1150.5	10929
1047.3	10930
1179.7	10930
1135.5	10932
1058.5	10933
1024.8	10935
1013.9	10939
1186.9	10942
1128.8	10949
1036.6	10951
1072	10952
1136.1	10953
1119.5	10954
1092.5	10956
1103.2	10957
1035.7	10960
1196.1	10960
1052.6	10961
1140.3	10964
1062.6	10965
1072.6	10968
1012.5	10970
1087.2	10971
1004.3	10972
1073.2	10973
1007.5	10975
1110.5	10975
1048.2	10979
1019.7	10983
1174.5	10983
1068.4	10984
1071.5	10985
1039.4	10986
1021.5	10987
1068.8	10989
1028.2	10991
1120.5	10992
1162	10995
1068.8	10997
1045.2	10999
1077.1	11001
1052.7	11003
1017.3	11004
1059.4	11007
1027.5	11008
1136.4	11011
1182.9	11012
1117.1	11013
1119.9	11014
1067.9	11015
1021.5	11019
1146.1	11022
1014.3	11023
1172.3	11023
1156.2	11024
1102.2	11025
1144.7	11026
1084.7	11028
1036.6	11029
1166.3	11032
1018.9	11035
1154.9	11035
1036.2	11038
1137.1	11038
1146	11041
1004.5	11042
1056.6	11043
1000.3	11044
1175.6	11047
1165.9	11048
1108.6	11050
1062	11053
1172	11054
1142.9	11055
1118.4	11059
1098.1	11060
1059	11062
1178.2	11066
1080.3	11069
1020.4	11071
1185.2	11073
1101	11078
1200	11080
1124.7	11081
1147.1	11085
1081.7	11088
1101.2	11089
1084.8	11093
1138.6	11094
1185.5	11096
1149.5	11097
1109.8	11099
1113	11101
1069.1	11105
1125	11111
1122.3	11113
1033.7	11114
1194.6	11115
1115.5	11117
1023.2	11118
1189.6	11119
1037.9	11125
1181.4	11125
1196.5	11126
1150.7	11128
1113.8	11129
1190.7	11131
1195.7	11132
1090.7	11133
1135.4	11135
1030.4	11138
1057.3	11141
1129.5	11142
1186	11143
1159.3	11144
1000.3	11145
1109	11145
1037.1	11148
1118.4	11148
1171.4	11149
1021.4	11150
1140.9	11151
1177.5	11153
1086.5	11157
1184.9	11158
1160.8	11161
1033.4	11165
1025.9	11171
1012.9	11172
1067.2	11173
1182.9	11177
1072.9	11178
1173.4	11179
1043.5	11182
1031.2	11183
1156	11183
1147.9	11184
1073.6	11185
1043.3	11187
1050.7	11188
1092.6	11191
1123.4	11193
1038.9	11194
1155	11195
1013.7	11196
1184.7	11196
1082.4	11199
1165.2	11200
1001.6	11201
1057.5	11203
1113.5	11204
1037.1	11206
1003.1	11208
1180.8	11208
1089.6	11209
1122.3	11210
1030.4	11211
1089.5	11214
1184.1	11215
1106	11216
1049.8	11217
1032.2	11218
1171.7	11221
1100.4	11225
1050.5	11231
1128.3	11233
1047.9	11235
1147.3	11237
1168.2	11238
1125.3	11239
1049.2	11240
1186.6	11242
1166.2	11244
1002.5	11247
1005.4	11250
1114.1	11250
1090.8	11252
1177.4	11252
1143.4	11254
1034.7	11255
1166.2	11259
1080.2	11261
1153.6	11262
1079.8	11265
1017.5	11267
1105.7	11269
1179.7	11269
1064.7	11270
1029.7	11271
1079.1	11272
1022.3	11274
1085.5	11275
1071.6	11276
1085.5	11278
1188.3	11278
1114.6	11280
1048.5	11283
1019.2	11285
1112.4	11286
1050.7	11288
1197.4	11288
1141.7	11291
1063.6	11292
1121.5	11294
1010.1	11296
1197.4	11296
1008.8	11297
1001.6	11298
1011.4	11299
1184.6	11305
1160.2	11306
1124.3	11308
1170.5	11310
1088.4	11312
1006.6	11313
1143.5	11313
1198.2	11315
1034	11316
1148.1	11316
1095.1	11317
1176.2	11325
1083.9	11326
1153.8	11326
1135.4	11328
1042.1	11329
1166.5	11331
1193.6	11333
1081.9	11334
1175.6	11334
1169.8	11336
1180.5	11343
1053.1	11345
1014.5	11346
1156.9	11346
1073.4	11350
1180.6	11358
1102.2	11359
1155.2	11360
1184.8	11361
1040.6	11362
1009.9	11364
1009	11365
1041	11366
1124.1	11367
1026.1	11370
1084	11371
1047.9	11379
1149.6	11380
1017.5	11381
1141.2	11382
1063.3	11385
1038	11386
1131.7	11386
1074.7	11387
1052.6	11388
1055.1	11389
1045	11390
1186.4	11392
1192.6	11393
1169.8	11396
1057.3	11397
1056.5	11399
1151.1	11401
1049.8	11402
1018.2	11404
1151.7	11405
1141.4	11410
1171.3	11412
1133.9	11415
1100.9	11418
1082.8	11420
1099.1	11423
1163.6	11424
1079.9	11430
1164.7	11433
1013.5	11434
1044.1	11438
1123.4	11438
1075.1	11439
1050.1	11443
1194.4	11445
1066.5	11448
1127.1	11448
1100.8	11452
1106.3	11456
1020.8	11457
1110	11460
1118.2	11461
1189.3	11461
1166	11463
1129.3	11465
1059	11467
1193.8	11467
1164.9	11470
1023	11471
1075.6	11475
1061.5	11477
1077.7	11480
1014.6	11482
1111.1	11483
1116.7	11486
1085.9	11487
1171.8	11491
1195.7	11493
1184.1	11494
1153.3	11495
1108.4	11497
1188	11497
1021.1	11501
1096.2	11501
1060.6	11502
1083.7	11503
1052.6	11506
1094.8	11507
1000.1	11509
1144.6	11509
1009.8	11511
1024.4	11513
1181.5	11515
1053.9	11516
1176.3	11519
1071	11523
1114.2	11524
1025.4	11525
1107.7	11527
1049.7	11529
1127.4	11531
1027.1	11532
1032.6	11534
1028.4	11536
1029	11538
1095	11542
1048.4	11543
1160.2	11545
1034.2	11546
1058.2	11547
1134.9	11549
1029.5	11556
1074.2	11561
1184.7	11561
1031.9	11562
1153.1	11562
1022	11566
1139.6	11574
1007.9	11579
1113.6	11583
1022.1	11584
1102.2	11587
1047	11588
1162.6	11591
1128.6	11593
1076.8	11594
1190.2	11594
1048.7	11596
1029	11597
1034.8	11599
1078.4	11605
1007	11606
1004.4	11609
1186.8	11611
1077	11612
1064.9	11615
1042.3	11617
1176.8	11617
1125.4	11618
1175.3	11618
1041.1	11619
1135.8	11619
1194.3	11622
1125.3	11624
1079.6	11629
1052	11631
1144	11631
1018.3	11632
1139.6	11633
1076	11634
1015.8	11635
1124	11637
1027.8	11639
1172.5	11643
1056.3	11644
1161.1	11644
1047.6	11646
1024.3	11647
1147.1	11647
1115.2	11650
1126.9	11652
1129.1	11655
1166.8	11657
1159.5	11661
1041.8	11662
1021.5	11664
1139.3	11666
1161.8	11668
1043.5	11672
1038	11673
1101.1	11677
1112.6	11678
1170.9	11680
1194.5	11682
1089.6	11683
1032.7	11684
1193.6	11686
1086.9	11689
1067.7	11691
1148.6	11692
1162.6	11695
1114.1	11696
1142.5	11697
1110	11698
1189	11700
1001.5	11704
1113.1	11704
1036.3	11706
1080.9	11708
1106.5	11709
1172.3	11709
1040	11713
1003.7	11714
1148.8	11714
1125.5	11715
1149.9	11716
1036.2	11717
1036.7	11718
1134.3	11718
1000.2	11724
1177.9	11725
1131.7	11727
1117.3	11730
1003	11733
1020.9	11734
1188	11734
1011	11740
1155.3	11741
1113.9	11742
1094.9	11744
1038.6	11745
1192.7	11745
1051.5	11748
1104.5	11749
1049.8	11750
1153.2	11751
1156.3	11756
1093.8	11759
1107.3	11763
1179.8	11764
1065.3	11766
1013.8	11767
1121.2	11769
1012.5	11773
1196	11773
1073.7	11774
1087.3	11775
1140.3	11776
1108.3	11777
1026.7	11778
1080	11780
1120.4	11782
1116.1	11786
1176.4	11790
1067.1	11794
1163.7	11795
1036.1	11797
1022.9	11800
1094	11800
1178.3	11801
1083.4	11804
1035	11806
1008	11809
1194.3	11810
1030.3	11811
1027.3	11812
1192.8	11812
1035.1	11816
1174.2	11816
1048	11817
1146.5	11817
1030.4	11823
1111.4	11826
1059.8	11827
1021	11828
1091.1	11830
1191.8	11833
1108.5	11836
1130.8	11838
1054.8	11839
1085.5	11842
1084.3	11845
1199.2	11845
1033.8	11846
1015.3	11847
1129.6	11847
1180.9	11848
1174.2	11849
1122.2	11850
1032.8	11851
1130.8	11851
1004.7	11853
1189.1	11854
1128.2	11855
1056.7	11856
1198.4	11859
1090.5	11860
1153.7	11861
1031.8	11866
1091.8	11869
1186.5	11869
1082	11871
1035.9	11872
1182.8	11872
1041.4	11876
1180.4	11883
1078.8	11884
1068.5	11885
1165	11887
1027.3	11890
1080.5	11891
1078.3	11892
1173.1	11893
1078.3	11894
1002.4	11895
1101	11895
1026.9	11896
1024.7	11901
1104	11902
1166.1	11903
1060.4	11904
1011.4	11905
1155.8	11905
1043.9	11907
1015.3	11910
1089.1	11910
1140.1	11911
1008.2	11912
1004.7	11914
1125.3	11914
1038.4	11915
1190.4	11916
1041.6	11920
1137.7	11920
1058.1	11921
1053.6	11925
1192.1	11925
1171.9	11928
1041.1	11929
1162.5	11930
1046.5	11932
1035.6	11933
1178.3	11933
1126.2	11935
1189.1	11941
1004	11944
1103.8	11945
1183.8	11945
1075.3	11946
1088.4	11948
1181.1	11948
1049.4	11949
1159.9	11949
1145.9	11951
1188	11953
1003.4	11954
1152.9	11954
1122.1	11955
1001.3	11956
1088	11956
1037.2	11959
1187.6	11959
1200	11962
1098.4	11964
1186.3	11966
1169.4	11968
1106.4	11969
1036	11972
1055.4	11974
1171.8	11975
1071.5	11976
1017.7	11978
1115.3	11979
1033.8	11981
1022.6	11985
1027.3	11986
1037.9	11987
1020.2	11988
1090.6	11989
1167.4	11990
1194.4	11996
1135.1	11997
1003.3	11998
1004.8	11999
1090.5	11999
1081.6	12001
1036	12002
1011.5	12003
1155.1	12004
1073.1	12007
1143	12007
1120.1	12009
1004.8	12010
1103.7	12014
1076.9	12015
1061.5	12016
1104.6	12017
1111.3	12018
1000.5	12020
1082	12020
1037.8	12021
1020.1	12023
1060.8	12024
1175.7	12024
1164.1	12027
1021.4	12028
1111.3	12028
1151.3	12029
1038.7	12032
1186	12032
1021.5	12037
1176	12037
1144.4	12038
1070.5	12040
1041	12041
1046	12042
1027.2	12043
1043.1	12046
1000.7	12047
1093.5	12047
1058.5	12050
1163.9	12051
1076.8	12053
1046.4	12054
1061.5	12055
1163.1	12056
1084.6	12057
1040.4	12058
1167.5	12058
1058.4	12060
1036.9	12061
1095.5	12062
1021.9	12063
1097.2	12063
1186.2	12065
1011.6	12066
1057.4	12070
1131.1	12070
1023.7	12071
1190	12073
1029.6	12075
1069.7	12076
1197.2	12076
1077.7	12077
1032.3	12080
1195.5	12082
1032.5	12084
1151.1	12084
1131.1	12085
1125.8	12088
1098	12089
1175.1	12090
1184.5	12097
1074.4	12098
1042.2	12100
1005.1	12105
1162.4	12106
1037.5	12107
1084.7	12108
1085.5	12112
1063.7	12116
1094.3	12119
1016.1	12121
1156.2	12123
1125.2	12126
1068.4	12128
1166.9	12130
1162.7	12132
1029	12133
1087.1	12136
1045.8	12137
1034.5	12143
1135.5	12143
1044.7	12144
1179.7	12145
1199.7	12146
1176.3	12151
1199.6	12152
1083.5	12154
1019.2	12156
1096	12156
1109.3	12159
1055.8	12162
1002.8	12165
1071.3	12166
1060.4	12168
1081.7	12170
1077.1	12171
1143.6	12173
1079.1	12175
1182.2	12175
1077.3	12180
1035.1	12182
1172.7	12184
1044.3	12185
1039.9	12186
1150.6	12188
1053	12195
1080.8	12196
1125.5	12201
1096.8	12202
1022.1	12206
1053.4	12208
1116.7	12210
1170.4	12212
1016.3	12213
1152.5	12214
1015.7	12215
1125.9	12221
1171	12222
1192.5	12225
1034.9	12229
1039.7	12235
1133.7	12237
1072.7	12239
1184.5	12240
1048.4	12241
1156.2	12241
1055.5	12242
1072	12243
1080.7	12250
1168.1	12251
1041.5	12252
1129.6	12253
1047.7	12260
1165.9	12261
1047.1	12264
1135.1	12264
1021.4	12269
1189.9	12269
1011	12270
1090.4	12271
1128.9	12272
1162.8	12273
1074.2	12276
1172.8	12277
1090.6	12279
1056.7	12281
1037.4	12282
1177.1	12282
1012	12283
1077.7	12284
1144.4	12285
1182.8	12286
1042.5	12288
1165.7	12290
1059.3	12292
1196.9	12292
1045.9	12293
1189.3	12293
1168.6	12294
1011.5	12295
1164.4	12295
1029	12297
1093.7	12298
1157.9	12299
1114.6	12300
1182.5	12302
1124.5	12304
1020.6	12305
1157.2	12306
1035.2	12307
1049	12310
1195	12310
1114.4	12311
1189.2	12317
1001	12319
1045.1	12320
1115.1	12322
1019.8	12327
1032.3	12328
1190	12328
1191.2	12330
1069.1	12332
1041.2	12336
1137.3	12336
1040.9	12337
1197.6	12340
1056.8	12341
1119.3	12341
1130.1	12342
1050.1	12345
1092.2	12346
1079.7	12347
1182.3	12348
1034.5	12349
1126.8	12350
1058.6	12353
1169.5	12359
1059.9	12361
1182.6	12363
1045.8	12365
1039.2	12366
1037.3	12368
1026.8	12370
1165.7	12371
1094.3	12373
1004.4	12375
1143.5	12376
1089.6	12377
1055.3	12379
1166	12379
1008.6	12383
1071.3	12385
1177.6	12385
1099.8	12388
1005.1	12390
1186.2	12390
1147.5	12391
1163.9	12395
1051	12397
1183.5	12398
1094.8	12399
1127.2	12403
1131.8	12404
1175.7	12407
1046.1	12409
1144.7	12409
1163.9	12411
1041.7	12414
1148.4	12415
1053.7	12417
1173.8	12417
1025	12422
1122.7	12424
1134.6	12430
1179	12433
1079	12434
1059.2	12435
1011	12436
1128.2	12436
1028.6	12437
1158.7	12438
1043.8	12441
1012.1	12445
1104.9	12445
1093.1	12446
1195	12446
1077.9	12448
1026.2	12449
1132.6	12450
1042.9	12451
1062.5	12453
1127.5	12454
1086.3	12455
1057.5	12457
1070.7	12458
1172.3	12459
1073.9	12462
1026.4	12463
1197.5	12470
1122.7	12471
1196.1	12476
1065.1	12479
1195.4	12480
1013.9	12482
1064.9	12484
1118.1	12487
1149.7	12488
1034	12489
1193.8	12489
1155.8	12491
1083.4	12492
1042.4	12495
1160.7	12495
1156	12496
1004.3	12498
